150 5586
0 3 5919
3 0 5919
0 146 3043
146 0 3043
0 52 3399
52 0 3399
0 43 1706
43 0 1706
0 107 7721
107 0 7721
0 54 4269
54 0 4269
0 65 2082
65 0 2082
0 141 4079
141 0 4079
0 127 2450
127 0 2450
0 46 3589
46 0 3589
0 136 1992
136 0 1992
0 51 2824
51 0 2824
0 129 363
129 0 363
0 122 1503
122 0 1503
0 33 2154
33 0 2154
0 96 5625
96 0 5625
0 2 453
2 0 453
0 121 4036
121 0 4036
0 48 3022
48 0 3022
0 92 1756
92 0 1756
0 118 1803
118 0 1803
0 82 3952
82 0 3952
0 95 971
95 0 971
0 112 4237
112 0 4237
0 81 6367
81 0 6367
0 120 4452
120 0 4452
0 21 5671
21 0 5671
0 11 1977
11 0 1977
0 128 6609
128 0 6609
0 137 6363
137 0 6363
0 35 6439
35 0 6439
0 106 5243
106 0 5243
0 111 305
111 0 305
0 113 1176
113 0 1176
0 49 5455
49 0 5455
0 144 7567
144 0 7567
0 68 4212
68 0 4212
0 12 4305
12 0 4305
0 14 3365
14 0 3365
0 100 7027
100 0 7027
0 98 8209
98 0 8209
0 16 731
16 0 731
1 55 5157
55 1 5157
1 5 6433
5 1 6433
1 95 7683
95 1 7683
1 44 1754
44 1 1754
1 41 2569
41 1 2569
1 91 5762
91 1 5762
1 119 1426
119 1 1426
1 142 804
142 1 804
1 136 1252
136 1 1252
1 18 3922
18 1 3922
1 94 4288
94 1 4288
1 101 5528
101 1 5528
1 57 7883
57 1 7883
1 40 5642
40 1 5642
1 118 962
118 1 962
1 140 4695
140 1 4695
1 59 3398
59 1 3398
1 121 2485
121 1 2485
1 15 7033
15 1 7033
1 60 6333
60 1 6333
1 78 5842
78 1 5842
1 61 8021
61 1 8021
1 148 6290
148 1 6290
1 69 7398
69 1 7398
1 65 3109
65 1 3109
1 76 5238
76 1 5238
1 135 1219
135 1 1219
1 103 7517
103 1 7517
1 80 2988
80 1 2988
1 9 8030
9 1 8030
1 131 6437
131 1 6437
1 125 6200
125 1 6200
1 112 7230
112 1 7230
1 46 6329
46 1 6329
1 62 7863
62 1 7863
1 84 8328
84 1 8328
2 70 3262
70 2 3262
2 17 4107
17 2 4107
2 58 3313
58 2 3313
2 60 8214
60 2 8214
2 47 4071
47 2 4071
2 97 3681
97 2 3681
2 105 1138
105 2 1138
2 121 8357
121 2 8357
2 104 6517
104 2 6517
2 46 5873
46 2 5873
2 82 2019
82 2 2019
2 93 1739
93 2 1739
2 48 6320
48 2 6320
2 144 5859
144 2 5859
2 133 841
133 2 841
2 50 4990
50 2 4990
2 140 6693
140 2 6693
2 108 4662
108 2 4662
2 44 2457
44 2 2457
2 109 1111
109 2 1111
2 59 5473
59 2 5473
2 57 1029
57 2 1029
2 29 5409
29 2 5409
2 95 6358
95 2 6358
2 124 3017
124 2 3017
2 87 6957
87 2 6957
2 16 949
16 2 949
2 126 6607
126 2 6607
2 31 5004
31 2 5004
2 36 3097
36 2 3097
2 138 3039
138 2 3039
2 96 1149
96 2 1149
2 43 3457
43 2 3457
2 145 2387
145 2 2387
2 125 2472
125 2 2472
3 103 3662
103 3 3662
3 5 6889
5 3 6889
3 16 916
16 3 916
3 119 8031
119 3 8031
3 124 5880
124 3 5880
3 120 3846
120 3 3846
3 105 4316
105 3 4316
3 126 719
126 3 719
3 14 6205
14 3 6205
3 41 7798
41 3 7798
3 19 2147
19 3 2147
3 67 3514
67 3 3514
3 140 869
140 3 869
3 9 2816
9 3 2816
3 101 2917
101 3 2917
3 148 390
148 3 390
3 130 2561
130 3 2561
3 149 5291
149 3 5291
3 87 5551
87 3 5551
3 58 7557
58 3 7557
3 96 6617
96 3 6617
3 36 508
36 3 508
3 8 177
8 3 177
3 95 6027
95 3 6027
3 80 2125
80 3 2125
3 90 3299
90 3 3299
3 78 1521
78 3 1521
3 61 6531
61 3 6531
3 42 1570
42 3 1570
3 125 1721
125 3 1721
3 33 1642
33 3 1642
3 115 6184
115 3 6184
3 30 5239
30 3 5239
3 88 4506
88 3 4506
3 23 3218
23 3 3218
3 53 6243
53 3 6243
3 12 2078
12 3 2078
4 112 239
112 4 239
4 24 2171
24 4 2171
4 26 4171
26 4 4171
4 62 6049
62 4 6049
4 75 4013
75 4 4013
4 127 664
127 4 664
4 110 6294
110 4 6294
4 11 4906
11 4 4906
4 47 3692
47 4 3692
4 103 7472
103 4 7472
4 66 2915
66 4 2915
4 52 1675
52 4 1675
4 37 2476
37 4 2476
4 105 213
105 4 213
4 48 1637
48 4 1637
4 88 7717
88 4 7717
4 9 5084
9 4 5084
4 85 1698
85 4 1698
4 100 3735
100 4 3735
4 126 2764
126 4 2764
4 6 7359
6 4 7359
4 19 7361
19 4 7361
4 138 2229
138 4 2229
4 81 6418
81 4 6418
4 84 7790
84 4 7790
4 5 1349
5 4 1349
4 28 7259
28 4 7259
4 23 6085
23 4 6085
4 120 8310
120 4 8310
4 61 1402
61 4 1402
4 111 7333
111 4 7333
4 74 3607
74 4 3607
4 113 3341
113 4 3341
4 36 5136
36 4 5136
4 17 5165
17 4 5165
4 116 5904
116 4 5904
4 144 6182
144 4 6182
4 147 3434
147 4 3434
4 130 3975
130 4 3975
4 8 472
8 4 472
4 92 7665
92 4 7665
4 125 6020
125 4 6020
5 93 4798
93 5 4798
5 115 6461
115 5 6461
5 74 5423
74 5 5423
5 16 2783
16 5 2783
5 12 4303
12 5 4303
5 68 5762
68 5 5762
5 83 2246
83 5 2246
5 135 1289
135 5 1289
5 24 6465
24 5 6465
5 91 5602
91 5 5602
5 15 3607
15 5 3607
5 146 3110
146 5 3110
5 94 1743
94 5 1743
5 8 8151
8 5 8151
5 34 4669
34 5 4669
5 139 7737
139 5 7737
5 49 820
49 5 820
5 98 1032
98 5 1032
5 118 3165
118 5 3165
5 141 69
141 5 69
5 116 165
116 5 165
5 104 8183
104 5 8183
5 136 5722
136 5 5722
5 21 3454
21 5 3454
5 69 868
69 5 868
5 134 8092
134 5 8092
5 90 5001
90 5 5001
5 96 5236
96 5 5236
5 62 5104
62 5 5104
5 50 3179
50 5 3179
5 20 1300
20 5 1300
5 60 6354
60 5 6354
5 36 2010
36 5 2010
5 6 6375
6 5 6375
5 18 4262
18 5 4262
5 113 1728
113 5 1728
5 25 1392
25 5 1392
6 73 3349
73 6 3349
6 40 6084
40 6 6084
6 47 7281
47 6 7281
6 112 3574
112 6 3574
6 82 1402
82 6 1402
6 95 1919
95 6 1919
6 129 5337
129 6 5337
6 94 2081
94 6 2081
6 108 4922
108 6 4922
6 136 7381
136 6 7381
6 21 2411
21 6 2411
6 89 1214
89 6 1214
6 75 5989
75 6 5989
6 60 7459
60 6 7459
6 24 5939
24 6 5939
6 19 6859
19 6 6859
6 77 6868
77 6 6868
6 133 4387
133 6 4387
6 62 2226
62 6 2226
6 17 1055
17 6 1055
6 14 4503
14 6 4503
6 54 1276
54 6 1276
6 33 4947
33 6 4947
6 25 2937
25 6 2937
6 139 3028
139 6 3028
6 101 7412
101 6 7412
6 121 1219
121 6 1219
6 91 598
91 6 598
6 46 3112
46 6 3112
6 142 752
142 6 752
6 122 694
122 6 694
6 145 2542
145 6 2542
6 72 7353
72 6 7353
6 127 4548
127 6 4548
6 85 2028
85 6 2028
7 61 2430
61 7 2430
7 18 7575
18 7 7575
7 51 6617
51 7 6617
7 127 1409
127 7 1409
7 44 2266
44 7 2266
7 31 8294
31 7 8294
7 11 3436
11 7 3436
7 57 60
57 7 60
7 89 5128
89 7 5128
7 95 4866
95 7 4866
7 78 5046
78 7 5046
7 13 639
13 7 639
7 40 5682
40 7 5682
7 68 7396
68 7 7396
7 22 1460
22 7 1460
7 98 6150
98 7 6150
7 141 5919
141 7 5919
7 135 5085
135 7 5085
7 90 5779
90 7 5779
7 27 1245
27 7 1245
7 38 3143
38 7 3143
7 76 2536
76 7 2536
7 87 7393
87 7 7393
7 101 6916
101 7 6916
7 121 7197
121 7 7197
7 10 2959
10 7 2959
7 59 3817
59 7 3817
7 48 5024
48 7 5024
7 97 3939
97 7 3939
7 93 4389
93 7 4389
7 82 2108
82 7 2108
7 8 4382
8 7 4382
7 140 5366
140 7 5366
7 25 496
25 7 496
7 100 4101
100 7 4101
7 75 2776
75 7 2776
7 137 3450
137 7 3450
8 78 2194
78 8 2194
8 113 7308
113 8 7308
8 114 8287
114 8 8287
8 48 1266
48 8 1266
8 124 7681
124 8 7681
8 110 937
110 8 937
8 81 7981
81 8 7981
8 136 5080
136 8 5080
8 87 6359
87 8 6359
8 144 1825
144 8 1825
8 15 3453
15 8 3453
8 20 5379
20 8 5379
8 149 6734
149 8 6734
8 65 8068
65 8 8068
8 50 3161
50 8 3161
8 100 8334
100 8 8334
8 99 1936
99 8 1936
8 46 1183
46 8 1183
8 19 1584
19 8 1584
8 68 8251
68 8 8251
8 58 441
58 8 441
8 42 8017
42 8 8017
8 140 3583
140 8 3583
8 37 5809
37 8 5809
8 132 6088
132 8 6088
8 34 364
34 8 364
8 142 2090
142 8 2090
8 98 7477
98 8 7477
8 148 5657
148 8 5657
8 80 786
80 8 786
8 71 2068
71 8 2068
8 49 5199
49 8 5199
8 26 7193
26 8 7193
8 129 4136
129 8 4136
9 146 7903
146 9 7903
9 42 7142
42 9 7142
9 103 5564
103 9 5564
9 15 1691
15 9 1691
9 61 2457
61 9 2457
9 64 5907
64 9 5907
9 80 4793
80 9 4793
9 102 5144
102 9 5144
9 113 2497
113 9 2497
9 89 5056
89 9 5056
9 126 5163
126 9 5163
9 14 3527
14 9 3527
9 87 2804
87 9 2804
9 60 7274
60 9 7274
9 117 5118
117 9 5118
9 67 8323
67 9 8323
9 39 4678
39 9 4678
9 18 7573
18 9 7573
9 100 518
100 9 518
9 122 6593
122 9 6593
9 82 2949
82 9 2949
9 143 2943
143 9 2943
9 75 3444
75 9 3444
9 86 357
86 9 357
9 83 3414
83 9 3414
9 53 7127
53 9 7127
9 141 7713
141 9 7713
9 144 1188
144 9 1188
9 119 8028
119 9 8028
9 65 1354
65 9 1354
9 26 3057
26 9 3057
9 95 7518
95 9 7518
9 78 4699
78 9 4699
9 34 4005
34 9 4005
9 120 3037
120 9 3037
9 20 4199
20 9 4199
10 128 6228
128 10 6228
10 78 6518
78 10 6518
10 134 3441
134 10 3441
10 90 1570
90 10 1570
10 53 3087
53 10 3087
10 65 1597
65 10 1597
10 82 8073
82 10 8073
10 26 5972
26 10 5972
10 68 6602
68 10 6602
10 49 7375
49 10 7375
10 107 4166
107 10 4166
10 74 5366
74 10 5366
10 32 1771
32 10 1771
10 35 1205
35 10 1205
10 111 9
111 10 9
10 62 6845
62 10 6845
10 80 473
80 10 473
10 81 3245
81 10 3245
10 40 5192
40 10 5192
10 66 540
66 10 540
10 104 7297
104 10 7297
10 30 2663
30 10 2663
10 132 7555
132 10 7555
10 69 5643
69 10 5643
10 52 6682
52 10 6682
10 55 5586
55 10 5586
10 123 1709
123 10 1709
10 83 454
83 10 454
10 119 6598
119 10 6598
10 116 7973
116 10 7973
10 60 6485
60 10 6485
10 106 49
106 10 49
10 129 1002
129 10 1002
10 51 8276
51 10 8276
10 11 1956
11 10 1956
11 80 6614
80 11 6614
11 26 1641
26 11 1641
11 55 7342
55 11 7342
11 101 6083
101 11 6083
11 64 2640
64 11 2640
11 95 1042
95 11 1042
11 23 6340
23 11 6340
11 53 1902
53 11 1902
11 137 1240
137 11 1240
11 27 6114
27 11 6114
11 30 3880
30 11 3880
11 118 570
118 11 570
11 93 2574
93 11 2574
11 108 3924
108 11 3924
11 98 3610
98 11 3610
11 138 4657
138 11 4657
11 25 5233
25 11 5233
11 58 3331
58 11 3331
11 66 2830
66 11 2830
11 17 3332
17 11 3332
11 54 4319
54 11 4319
11 109 5304
109 11 5304
11 144 6902
144 11 6902
11 135 3196
135 11 3196
11 86 7401
86 11 7401
11 32 6621
32 11 6621
11 123 2741
123 11 2741
11 145 695
145 11 695
11 18 7232
18 11 7232
11 82 7602
82 11 7602
11 103 1794
103 11 1794
11 105 312
105 11 312
11 127 6955
127 11 6955
11 67 4260
67 11 4260
11 61 263
61 11 263
11 90 4361
90 11 4361
11 134 5278
134 11 5278
12 92 838
92 12 838
12 124 3233
124 12 3233
12 34 8141
34 12 8141
12 102 517
102 12 517
12 90 5211
90 12 5211
12 134 5436
134 12 5436
12 49 1142
49 12 1142
12 128 3656
128 12 3656
12 38 7293
38 12 7293
12 97 6951
97 12 6951
12 53 1454
53 12 1454
12 133 5911
133 12 5911
12 122 3056
122 12 3056
12 98 3410
98 12 3410
12 147 1228
147 12 1228
12 61 5855
61 12 5855
12 107 487
107 12 487
12 14 4753
14 12 4753
12 78 8179
78 12 8179
12 58 4934
58 12 4934
12 65 4226
65 12 4226
12 24 140
24 12 140
12 44 4059
44 12 4059
12 127 6670
127 12 6670
12 119 7026
119 12 7026
12 131 6803
131 12 6803
12 76 1997
76 12 1997
12 68 4144
68 12 4144
12 59 6646
59 12 6646
12 121 485
121 12 485
12 144 6958
144 12 6958
12 63 5724
63 12 5724
12 116 3890
116 12 3890
12 112 7525
112 12 7525
12 99 1018
99 12 1018
12 72 4213
72 12 4213
12 95 6055
95 12 6055
12 96 8130
96 12 8130
12 77 2935
77 12 2935
12 47 7390
47 12 7390
13 32 4351
32 13 4351
13 73 929
73 13 929
13 69 1773
69 13 1773
13 36 617
36 13 617
13 147 1524
147 13 1524
13 15 2581
15 13 2581
13 59 7981
59 13 7981
13 20 7179
20 13 7179
13 48 5965
48 13 5965
13 66 6364
66 13 6364
13 105 5481
105 13 5481
13 62 4977
62 13 4977
13 28 7049
28 13 7049
13 108 2696
108 13 2696
13 19 2113
19 13 2113
13 140 160
140 13 160
13 47 7466
47 13 7466
13 31 2154
31 13 2154
13 16 2391
16 13 2391
13 127 7229
127 13 7229
13 117 3444
117 13 3444
13 148 6740
148 13 6740
13 42 2850
42 13 2850
13 40 701
40 13 701
13 45 302
45 13 302
13 29 5799
29 13 5799
13 89 3693
89 13 3693
13 61 446
61 13 446
13 33 1378
33 13 1378
14 62 4316
62 14 4316
14 108 7055
108 14 7055
14 81 6040
81 14 6040
14 18 7485
18 14 7485
14 57 2204
57 14 2204
14 40 4222
40 14 4222
14 28 2914
28 14 2914
14 87 3736
87 14 3736
14 16 539
16 14 539
14 35 1528
35 14 1528
14 112 1155
112 14 1155
14 101 372
101 14 372
14 60 3001
60 14 3001
14 82 3723
82 14 3723
14 127 6500
127 14 6500
14 54 2526
54 14 2526
14 142 6316
142 14 6316
14 122 2914
122 14 2914
14 106 6084
106 14 6084
14 49 6738
49 14 6738
14 116 249
116 14 249
14 120 950
120 14 950
14 88 4165
88 14 4165
14 105 1403
105 14 1403
14 129 5492
129 14 5492
14 132 418
132 14 418
14 76 3546
76 14 3546
14 123 467
123 14 467
14 42 2992
42 14 2992
14 44 1941
44 14 1941
14 128 2828
128 14 2828
14 24 470
24 14 470
14 145 1526
145 14 1526
14 110 649
110 14 649
14 66 3787
66 14 3787
15 142 163
142 15 163
15 54 5521
54 15 5521
15 60 4985
60 15 4985
15 16 1836
16 15 1836
15 45 4805
45 15 4805
15 40 7269
40 15 7269
15 48 5847
48 15 5847
15 141 4163
141 15 4163
15 119 2032
119 15 2032
15 52 6592
52 15 6592
15 127 2268
127 15 2268
15 145 6972
145 15 6972
15 63 1123
63 15 1123
15 31 1810
31 15 1810
15 30 2716
30 15 2716
15 125 3975
125 15 3975
15 113 8267
113 15 8267
15 75 3300
75 15 3300
15 50 4013
50 15 4013
15 107 7661
107 15 7661
15 96 2294
96 15 2294
15 140 1999
140 15 1999
15 134 4557
134 15 4557
15 84 6054
84 15 6054
15 93 2252
93 15 2252
15 65 1659
65 15 1659
15 53 4020
53 15 4020
15 36 490
36 15 490
15 79 3640
79 15 3640
15 27 5340
27 15 5340
16 126 4421
126 16 4421
16 87 606
87 16 606
16 57 8178
57 16 8178
16 124 2914
124 16 2914
16 101 2049
101 16 2049
16 27 2142
27 16 2142
16 24 2367
24 16 2367
16 134 5044
134 16 5044
16 143 6474
143 16 6474
16 123 5187
123 16 5187
16 46 3032
46 16 3032
16 92 189
92 16 189
16 84 264
84 16 264
16 144 7907
144 16 7907
16 127 7277
127 16 7277
16 50 1701
50 16 1701
16 36 5959
36 16 5959
16 130 2948
130 16 2948
16 111 4430
111 16 4430
16 125 5891
125 16 5891
16 117 1593
117 16 1593
16 131 539
131 16 539
16 73 5193
73 16 5193
16 51 4589
51 16 4589
16 120 2358
120 16 2358
16 129 3586
129 16 3586
16 31 701
31 16 701
16 107 7790
107 16 7790
16 103 5061
103 16 5061
16 80 6207
80 16 6207
16 60 3900
60 16 3900
16 97 3440
97 16 3440
16 140 5682
140 16 5682
17 37 7647
37 17 7647
17 44 5042
44 17 5042
17 112 3287
112 17 3287
17 20 6633
20 17 6633
17 103 5438
103 17 5438
17 51 665
51 17 665
17 79 5635
79 17 5635
17 77 1071
77 17 1071
17 140 3391
140 17 3391
17 89 6120
89 17 6120
17 23 5161
23 17 5161
17 111 6795
111 17 6795
17 125 8195
125 17 8195
17 124 956
124 17 956
17 32 2248
32 17 2248
17 76 7307
76 17 7307
17 146 1212
146 17 1212
17 135 7799
135 17 7799
17 147 1500
147 17 1500
17 42 1780
42 17 1780
17 63 705
63 17 705
17 90 1450
90 17 1450
17 34 6688
34 17 6688
17 72 865
72 17 865
17 53 2454
53 17 2454
17 116 5682
116 17 5682
17 149 1809
149 17 1809
18 97 4838
97 18 4838
18 100 6842
100 18 6842
18 83 6669
83 18 6669
18 134 7674
134 18 7674
18 110 3344
110 18 3344
18 78 8014
78 18 8014
18 26 7267
26 18 7267
18 118 1347
118 18 1347
18 90 2778
90 18 2778
18 101 2315
101 18 2315
18 46 6714
46 18 6714
18 35 7200
35 18 7200
18 96 631
96 18 631
18 55 2883
55 18 2883
18 68 7886
68 18 7886
18 71 4774
71 18 4774
18 19 1648
19 18 1648
18 127 2888
127 18 2888
18 74 3366
74 18 3366
18 89 262
89 18 262
18 135 5188
135 18 5188
18 114 331
114 18 331
18 106 7593
106 18 7593
18 41 4680
41 18 4680
18 21 3945
21 18 3945
18 25 2807
25 18 2807
18 148 2604
148 18 2604
18 108 3996
108 18 3996
19 88 4391
88 19 4391
19 139 6253
139 19 6253
19 108 6414
108 19 6414
19 68 6325
68 19 6325
19 73 2014
73 19 2014
19 87 2898
87 19 2898
19 31 6713
31 19 6713
19 132 777
132 19 777
19 117 5447
117 19 5447
19 34 6337
34 19 6337
19 58 4771
58 19 4771
19 25 5782
25 19 5782
19 81 6694
81 19 6694
19 97 3290
97 19 3290
19 102 2817
102 19 2817
19 114 4817
114 19 4817
19 122 6909
122 19 6909
19 144 578
144 19 578
19 64 1891
64 19 1891
19 145 3541
145 19 3541
19 71 1931
71 19 1931
19 65 1958
65 19 1958
19 142 1712
142 19 1712
19 140 1982
140 19 1982
19 110 3313
110 19 3313
19 49 4385
49 19 4385
19 47 4621
47 19 4621
19 129 6191
129 19 6191
20 49 6715
49 20 6715
20 108 3760
108 20 3760
20 46 57
46 20 57
20 48 6730
48 20 6730
20 24 2568
24 20 2568
20 131 905
131 20 905
20 27 4643
27 20 4643
20 59 1306
59 20 1306
20 111 6983
111 20 6983
20 87 16
87 20 16
20 58 3347
58 20 3347
20 80 878
80 20 878
20 100 2325
100 20 2325
20 93 5151
93 20 5151
20 37 4480
37 20 4480
20 67 3406
67 20 3406
20 101 3704
101 20 3704
20 107 3720
107 20 3720
20 139 8359
139 20 8359
20 61 8135
61 20 8135
20 96 4199
96 20 4199
20 95 957
95 20 957
20 125 5105
125 20 5105
20 50 7561
50 20 7561
20 44 5563
44 20 5563
20 33 6480
33 20 6480
20 77 2554
77 20 2554
20 91 7574
91 20 7574
20 79 4508
79 20 4508
20 104 2905
104 20 2905
20 41 4573
41 20 4573
20 86 878
86 20 878
20 76 1912
76 20 1912
20 121 409
121 20 409
20 21 115
21 20 115
20 109 1717
109 20 1717
20 113 5470
113 20 5470
20 26 8291
26 20 8291
20 38 3068
38 20 3068
20 99 3986
99 20 3986
20 103 6234
103 20 6234
20 62 4843
62 20 4843
20 60 2961
60 20 2961
20 130 4442
130 20 4442
20 134 1927
134 20 1927
21 72 1349
72 21 1349
21 102 5069
102 21 5069
21 108 7824
108 21 7824
21 148 3408
148 21 3408
21 95 3617
95 21 3617
21 36 6497
36 21 6497
21 109 2162
109 21 2162
21 125 5252
125 21 5252
21 35 5418
35 21 5418
21 147 643
147 21 643
21 138 5683
138 21 5683
21 54 8002
54 21 8002
21 94 7277
94 21 7277
21 104 2241
104 21 2241
21 80 3487
80 21 3487
21 149 1478
149 21 1478
21 67 5955
67 21 5955
21 122 5235
122 21 5235
21 70 7778
70 21 7778
21 140 7956
140 21 7956
21 75 2218
75 21 2218
21 44 2074
44 21 2074
21 99 489
99 21 489
21 65 5642
65 21 5642
21 93 6613
93 21 6613
21 112 6496
112 21 6496
21 51 3893
51 21 3893
21 126 2583
126 21 2583
21 39 8020
39 21 8020
21 32 395
32 21 395
21 71 3828
71 21 3828
21 139 80
139 21 80
21 48 7978
48 21 7978
21 28 468
28 21 468
21 117 7094
117 21 7094
22 131 7691
131 22 7691
22 55 7292
55 22 7292
22 114 6238
114 22 6238
22 84 2701
84 22 2701
22 146 2172
146 22 2172
22 122 248
122 22 248
22 86 1771
86 22 1771
22 65 8140
65 22 8140
22 147 3342
147 22 3342
22 31 763
31 22 763
22 117 1097
117 22 1097
22 145 4874
145 22 4874
22 98 7635
98 22 7635
22 54 3700
54 22 3700
22 44 7341
44 22 7341
22 76 4229
76 22 4229
22 75 5619
75 22 5619
22 130 524
130 22 524
22 140 8004
140 22 8004
22 26 1985
26 22 1985
22 138 5073
138 22 5073
22 36 3801
36 22 3801
22 71 3427
71 22 3427
22 32 8059
32 22 8059
22 81 4464
81 22 4464
22 38 6158
38 22 6158
22 63 7722
63 22 7722
22 34 3348
34 22 3348
22 89 882
89 22 882
22 39 2062
39 22 2062
22 132 7983
132 22 7983
22 101 6032
101 22 6032
22 60 1878
60 22 1878
23 85 436
85 23 436
23 33 6318
33 23 6318
23 92 6931
92 23 6931
23 50 4115
50 23 4115
23 48 3720
48 23 3720
23 28 1510
28 23 1510
23 69 4913
69 23 4913
23 131 6745
131 23 6745
23 56 3489
56 23 3489
23 94 3836
94 23 3836
23 102 7833
102 23 7833
23 139 242
139 23 242
23 51 3133
51 23 3133
23 140 7795
140 23 7795
23 72 3388
72 23 3388
23 39 990
39 23 990
23 147 6877
147 23 6877
23 124 7528
124 23 7528
23 31 4720
31 23 4720
23 111 6853
111 23 6853
23 134 3643
134 23 3643
23 120 2912
120 23 2912
23 43 4571
43 23 4571
23 100 5393
100 23 5393
23 67 7539
67 23 7539
23 52 7437
52 23 7437
24 77 98
77 24 98
24 35 4953
35 24 4953
24 56 7795
56 24 7795
24 44 4585
44 24 4585
24 113 2924
113 24 2924
24 50 6208
50 24 6208
24 102 8036
102 24 8036
24 86 5797
86 24 5797
24 69 8043
69 24 8043
24 60 2397
60 24 2397
24 132 3145
132 24 3145
24 32 1804
32 24 1804
24 147 6692
147 24 6692
24 28 301
28 24 301
24 148 7592
148 24 7592
24 135 541
135 24 541
24 123 1456
123 24 1456
24 115 8228
115 24 8228
24 71 4461
71 24 4461
24 130 7850
130 24 7850
24 82 3768
82 24 3768
24 46 5676
46 24 5676
25 87 2935
87 25 2935
25 63 4338
63 25 4338
25 72 3321
72 25 3321
25 76 2989
76 25 2989
25 74 204
74 25 204
25 127 8137
127 25 8137
25 68 3000
68 25 3000
25 112 6821
112 25 6821
25 129 2293
129 25 2293
25 70 6861
70 25 6861
25 138 5536
138 25 5536
25 117 5388
117 25 5388
25 140 1014
140 25 1014
25 115 4939
115 25 4939
25 33 672
33 25 672
25 41 3586
41 25 3586
25 111 309
111 25 309
25 69 4547
69 25 4547
25 147 7673
147 25 7673
25 39 4732
39 25 4732
25 47 7392
47 25 7392
25 100 29
100 25 29
25 84 6118
84 25 6118
25 146 926
146 25 926
25 35 2575
35 25 2575
25 91 3100
91 25 3100
25 99 7908
99 25 7908
25 75 5513
75 25 5513
25 134 4804
134 25 4804
25 106 6883
106 25 6883
25 78 1359
78 25 1359
25 136 7848
136 25 7848
25 114 3640
114 25 3640
26 88 4974
88 26 4974
26 149 1061
149 26 1061
26 145 5613
145 26 5613
26 47 7173
47 26 7173
26 69 3915
69 26 3915
26 125 4854
125 26 4854
26 147 755
147 26 755
26 51 2714
51 26 2714
26 132 6530
132 26 6530
26 61 7224
61 26 7224
26 80 4876
80 26 4876
26 28 6747
28 26 6747
26 141 1732
141 26 1732
26 129 2767
129 26 2767
26 100 7471
100 26 7471
26 117 4615
117 26 4615
26 52 7800
52 26 7800
26 127 6573
127 26 6573
26 105 7741
105 26 7741
26 67 1642
67 26 1642
26 29 5406
29 26 5406
26 40 4931
40 26 4931
26 33 6694
33 26 6694
26 45 7440
45 26 7440
26 42 3434
42 26 3434
26 94 901
94 26 901
26 56 1402
56 26 1402
26 70 6228
70 26 6228
26 84 965
84 26 965
27 109 5751
109 27 5751
27 28 4827
28 27 4827
27 144 5275
144 27 5275
27 70 1485
70 27 1485
27 74 3014
74 27 3014
27 91 3356
91 27 3356
27 32 2509
32 27 2509
27 50 602
50 27 602
27 101 5360
101 27 5360
27 69 5283
69 27 5283
27 104 2617
104 27 2617
27 108 2498
108 27 2498
27 147 8319
147 27 8319
27 54 6684
54 27 6684
27 93 2017
93 27 2017
27 123 2761
123 27 2761
27 146 1909
146 27 1909
27 121 1475
121 27 1475
27 82 4525
82 27 4525
27 45 2685
45 27 2685
27 120 2412
120 27 2412
27 36 2071
36 27 2071
27 112 404
112 27 404
27 107 5804
107 27 5804
28 126 6227
126 28 6227
28 140 27
140 28 27
28 60 8124
60 28 8124
28 55 7183
55 28 7183
28 141 1820
141 28 1820
28 79 2002
79 28 2002
28 37 4026
37 28 4026
28 145 5472
145 28 5472
28 71 6337
71 28 6337
28 85 470
85 28 470
28 36 2766
36 28 2766
28 34 517
34 28 517
28 77 7247
77 28 7247
28 29 8269
29 28 8269
28 104 2554
104 28 2554
28 56 1009
56 28 1009
28 149 6107
149 28 6107
28 127 4449
127 28 4449
28 148 4440
148 28 4440
28 76 6834
76 28 6834
28 48 4360
48 28 4360
28 125 7911
125 28 7911
28 30 1639
30 28 1639
28 75 2006
75 28 2006
28 44 2519
44 28 2519
28 62 1669
62 28 1669
28 129 6710
129 28 6710
28 53 4377
53 28 4377
28 93 6996
93 28 6996
28 123 7733
123 28 7733
28 114 4966
114 28 4966
28 38 564
38 28 564
28 42 4550
42 28 4550
28 89 4691
89 28 4691
28 58 2373
58 28 2373
28 86 4457
86 28 4457
28 51 405
51 28 405
29 126 5351
126 29 5351
29 91 428
91 29 428
29 54 5775
54 29 5775
29 34 2854
34 29 2854
29 149 1962
149 29 1962
29 103 5903
103 29 5903
29 76 434
76 29 434
29 108 5296
108 29 5296
29 68 1781
68 29 1781
29 48 6987
48 29 6987
29 71 5043
71 29 5043
29 113 5079
113 29 5079
29 94 174
94 29 174
29 74 5739
74 29 5739
29 92 3876
92 29 3876
29 87 4396
87 29 4396
29 79 8050
79 29 8050
29 122 2833
122 29 2833
29 67 1521
67 29 1521
29 42 492
42 29 492
29 98 2981
98 29 2981
29 127 6821
127 29 6821
29 60 1747
60 29 1747
29 80 3741
80 29 3741
29 110 6226
110 29 6226
29 112 208
112 29 208
29 139 5494
139 29 5494
29 44 3008
44 29 3008
29 146 6316
146 29 6316
29 114 7517
114 29 7517
29 55 213
55 29 213
29 106 1490
106 29 1490
29 82 5491
82 29 5491
29 31 7955
31 29 7955
30 148 4757
148 30 4757
30 130 3132
130 30 3132
30 38 7728
38 30 7728
30 54 1403
54 30 1403
30 122 1394
122 30 1394
30 136 6830
136 30 6830
30 36 1535
36 30 1535
30 134 4145
134 30 4145
30 133 4917
133 30 4917
30 101 6182
101 30 6182
30 117 5454
117 30 5454
30 110 2527
110 30 2527
30 127 3976
127 30 3976
30 98 805
98 30 805
30 114 7670
114 30 7670
30 132 3305
132 30 3305
30 97 6636
97 30 6636
30 78 5825
78 30 5825
30 109 4582
109 30 4582
30 39 617
39 30 617
30 140 620
140 30 620
30 105 4871
105 30 4871
30 113 5590
113 30 5590
30 56 6774
56 30 6774
30 121 6514
121 30 6514
30 84 5755
84 30 5755
30 31 5889
31 30 5889
30 60 4988
60 30 4988
30 92 4088
92 30 4088
30 67 8137
67 30 8137
30 58 6478
58 30 6478
30 104 4965
104 30 4965
30 143 6489
143 30 6489
30 145 3886
145 30 3886
30 40 7496
40 30 7496
31 34 268
34 31 268
31 68 8016
68 31 8016
31 41 5571
41 31 5571
31 77 6617
77 31 6617
31 98 7672
98 31 7672
31 60 7711
60 31 7711
31 33 3609
33 31 3609
31 70 203
70 31 203
31 144 3758
144 31 3758
31 129 5444
129 31 5444
31 78 7966
78 31 7966
31 105 5400
105 31 5400
31 82 417
82 31 417
31 130 2807
130 31 2807
31 36 3363
36 31 3363
31 123 4347
123 31 4347
31 145 2726
145 31 2726
31 140 7694
140 31 7694
31 102 4261
102 31 4261
31 42 1226
42 31 1226
31 55 4691
55 31 4691
31 121 1147
121 31 1147
31 106 4467
106 31 4467
31 112 4201
112 31 4201
31 83 2972
83 31 2972
31 93 6616
93 31 6616
31 143 3909
143 31 3909
31 147 559
147 31 559
31 120 216
120 31 216
31 122 6287
122 31 6287
31 85 1376
85 31 1376
31 90 2796
90 31 2796
31 118 1679
118 31 1679
31 47 221
47 31 221
31 138 2577
138 31 2577
31 67 4727
67 31 4727
31 45 3091
45 31 3091
31 71 3502
71 31 3502
32 120 5582
120 32 5582
32 86 5647
86 32 5647
32 74 5142
74 32 5142
32 103 6533
103 32 6533
32 57 25
57 32 25
32 79 3664
79 32 3664
32 75 4342
75 32 4342
32 48 8203
48 32 8203
32 52 3474
52 32 3474
32 58 4479
58 32 4479
32 139 489
139 32 489
32 41 4530
41 32 4530
32 77 4204
77 32 4204
32 95 6258
95 32 6258
32 91 5510
91 32 5510
32 141 1703
141 32 1703
32 100 4252
100 32 4252
32 107 4294
107 32 4294
32 72 7983
72 32 7983
32 137 5080
137 32 5080
32 35 5519
35 32 5519
32 40 31
40 32 31
32 130 2079
130 32 2079
32 39 238
39 32 238
32 84 5506
84 32 5506
32 45 1572
45 32 1572
32 59 6764
59 32 6764
32 47 403
47 32 403
33 61 711
61 33 711
33 102 7420
102 33 7420
33 115 5245
115 33 5245
33 120 1853
120 33 1853
33 40 7412
40 33 7412
33 118 197
118 33 197
33 35 5787
35 33 5787
33 95 6360
95 33 6360
33 75 7990
75 33 7990
33 131 6093
131 33 6093
33 79 5997
79 33 5997
33 60 5242
60 33 5242
33 117 6863
117 33 6863
33 65 4359
65 33 4359
33 43 7951
43 33 7951
33 41 7815
41 33 7815
33 124 4823
124 33 4823
33 45 5409
45 33 5409
33 94 4045
94 33 4045
33 82 200
82 33 200
33 58 5738
58 33 5738
33 122 6739
122 33 6739
33 66 1702
66 33 1702
33 119 235
119 33 235
33 49 8366
49 33 8366
33 92 1068
92 33 1068
33 149 8010
149 33 8010
33 144 4128
144 33 4128
34 110 7334
110 34 7334
34 104 8251
104 34 8251
34 39 2051
39 34 2051
34 58 6470
58 34 6470
34 122 1249
122 34 1249
34 37 2036
37 34 2036
34 113 4480
113 34 4480
34 135 5394
135 34 5394
34 51 760
51 34 760
34 84 6867
84 34 6867
34 136 3403
136 34 3403
34 140 4967
140 34 4967
34 92 2562
92 34 2562
34 70 6049
70 34 6049
34 103 3052
103 34 3052
34 141 769
141 34 769
34 105 6609
105 34 6609
34 99 7599
99 34 7599
34 75 1244
75 34 1244
34 83 2125
83 34 2125
34 59 2345
59 34 2345
34 87 3809
87 34 3809
34 116 4364
116 34 4364
34 73 7955
73 34 7955
34 134 4031
134 34 4031
34 88 1261
88 34 1261
34 131 4164
131 34 4164
34 42 6657
42 34 6657
34 43 5056
43 34 5056
34 50 793
50 34 793
35 44 6052
44 35 6052
35 70 4292
70 35 4292
35 40 5950
40 35 5950
35 54 5250
54 35 5250
35 99 3703
99 35 3703
35 105 3056
105 35 3056
35 119 865
119 35 865
35 96 8328
96 35 8328
35 50 1808
50 35 1808
35 93 2132
93 35 2132
35 71 3771
71 35 3771
35 100 8003
100 35 8003
35 77 2022
77 35 2022
35 76 3959
76 35 3959
35 78 2444
78 35 2444
35 45 1126
45 35 1126
35 81 3356
81 35 3356
35 88 5223
88 35 5223
35 53 6089
53 35 6089
35 110 1365
110 35 1365
35 136 3744
136 35 3744
35 116 1881
116 35 1881
35 51 6268
51 35 6268
35 92 6107
92 35 6107
35 59 5834
59 35 5834
35 49 2420
49 35 2420
35 74 4744
74 35 4744
35 141 8099
141 35 8099
35 56 397
56 35 397
35 114 4963
114 35 4963
35 113 2180
113 35 2180
36 70 1630
70 36 1630
36 87 3881
87 36 3881
36 123 4308
123 36 4308
36 54 6268
54 36 6268
36 111 6420
111 36 6420
36 125 4002
125 36 4002
36 51 3120
51 36 3120
36 127 676
127 36 676
36 86 1816
86 36 1816
36 69 8151
69 36 8151
36 121 5529
121 36 5529
36 129 1992
129 36 1992
36 60 472
60 36 472
36 74 7642
74 36 7642
36 98 2732
98 36 2732
36 113 5092
113 36 5092
36 102 5064
102 36 5064
36 79 293
79 36 293
36 144 1850
144 36 1850
36 140 7286
140 36 7286
36 52 2258
52 36 2258
36 130 4572
130 36 4572
36 97 6284
97 36 6284
36 107 7543
107 36 7543
37 73 7373
73 37 7373
37 90 2610
90 37 2610
37 93 1703
93 37 1703
37 125 3412
125 37 3412
37 109 6544
109 37 6544
37 131 730
131 37 730
37 48 5674
48 37 5674
37 74 4075
74 37 4075
37 117 6353
117 37 6353
37 54 5521
54 37 5521
37 126 268
126 37 268
37 80 6606
80 37 6606
37 143 4551
143 37 4551
37 47 5605
47 37 5605
37 78 7572
78 37 7572
37 113 8019
113 37 8019
37 46 6873
46 37 6873
37 81 3925
81 37 3925
37 120 4337
120 37 4337
37 83 7745
83 37 7745
37 141 5398
141 37 5398
37 146 2539
146 37 2539
37 75 1690
75 37 1690
37 129 5586
129 37 5586
37 50 1274
50 37 1274
37 72 2217
72 37 2217
37 49 3597
49 37 3597
37 127 2974
127 37 2974
37 147 2973
147 37 2973
37 89 4809
89 37 4809
37 111 6960
111 37 6960
37 96 2572
96 37 2572
38 71 339
71 38 339
38 79 3293
79 38 3293
38 97 7766
97 38 7766
38 112 2004
112 38 2004
38 94 3988
94 38 3988
38 46 830
46 38 830
38 136 1339
136 38 1339
38 101 579
101 38 579
38 138 3767
138 38 3767
38 130 4830
130 38 4830
38 61 3658
61 38 3658
38 139 7045
139 38 7045
38 77 1906
77 38 1906
38 54 3430
54 38 3430
38 72 4834
72 38 4834
38 92 737
92 38 737
38 87 1370
87 38 1370
38 106 8142
106 38 8142
38 123 3109
123 38 3109
39 102 7916
102 39 7916
39 79 8286
79 39 8286
39 52 6258
52 39 6258
39 131 1205
131 39 1205
39 105 3273
105 39 3273
39 123 6350
123 39 6350
39 146 4406
146 39 4406
39 90 8241
90 39 8241
39 113 6665
113 39 6665
39 49 1123
49 39 1123
39 65 3957
65 39 3957
39 93 7999
93 39 7999
39 91 3007
91 39 3007
39 63 4137
63 39 4137
39 138 4737
138 39 4737
39 143 7685
143 39 7685
39 45 826
45 39 826
39 96 2558
96 39 2558
39 56 7258
56 39 7258
39 137 6190
137 39 6190
39 142 4854
142 39 4854
39 118 1198
118 39 1198
40 45 1938
45 40 1938
40 139 7002
139 40 7002
40 48 8332
48 40 8332
40 109 6327
109 40 6327
40 119 4099
119 40 4099
40 58 5615
58 40 5615
40 112 328
112 40 328
40 89 7458
89 40 7458
40 54 8222
54 40 8222
40 72 7338
72 40 7338
40 145 286
145 40 286
40 87 1089
87 40 1089
40 88 7509
88 40 7509
40 68 954
68 40 954
40 138 3328
138 40 3328
40 96 5499
96 40 5499
40 110 2519
110 40 2519
40 90 5348
90 40 5348
40 47 728
47 40 728
40 129 7927
129 40 7927
40 102 2208
102 40 2208
40 128 7994
128 40 7994
40 143 7460
143 40 7460
40 80 5995
80 40 5995
40 70 2554
70 40 2554
40 114 5142
114 40 5142
40 66 3755
66 40 3755
40 123 7815
123 40 7815
40 104 6581
104 40 6581
40 124 5026
124 40 5026
40 55 7270
55 40 7270
40 46 8314
46 40 8314
41 74 3950
74 41 3950
41 46 4071
46 41 4071
41 121 1621
121 41 1621
41 120 222
120 41 222
41 54 1930
54 41 1930
41 62 4222
62 41 4222
41 67 6133
67 41 6133
41 91 5707
91 41 5707
41 59 7697
59 41 7697
41 61 7872
61 41 7872
41 112 2331
112 41 2331
41 100 1576
100 41 1576
41 149 4849
149 41 4849
41 57 4737
57 41 4737
41 44 5894
44 41 5894
41 69 822
69 41 822
41 55 2155
55 41 2155
41 86 2372
86 41 2372
41 71 3600
71 41 3600
41 140 7081
140 41 7081
41 132 8207
132 41 8207
41 68 4682
68 41 4682
41 108 6933
108 41 6933
41 70 6778
70 41 6778
41 43 5293
43 41 5293
42 58 892
58 42 892
42 144 2274
144 42 2274
42 107 5953
107 42 5953
42 114 7428
114 42 7428
42 75 6093
75 42 6093
42 55 4727
55 42 4727
42 70 1901
70 42 1901
42 47 4422
47 42 4422
42 116 5029
116 42 5029
42 86 3313
86 42 3313
42 128 298
128 42 298
42 92 2266
92 42 2266
42 62 3692
62 42 3692
42 77 3160
77 42 3160
42 79 272
79 42 272
42 149 6239
149 42 6239
42 113 6363
113 42 6363
42 54 4323
54 42 4323
42 94 3164
94 42 3164
42 56 564
56 42 564
42 59 7840
59 42 7840
42 100 5932
100 42 5932
42 142 1959
142 42 1959
43 114 2478
114 43 2478
43 85 6374
85 43 6374
43 57 2703
57 43 2703
43 56 1129
56 43 1129
43 123 1
123 43 1
43 134 4712
134 43 4712
43 147 7397
147 43 7397
43 79 8278
79 43 8278
43 119 2625
119 43 2625
43 121 4389
121 43 4389
43 52 4423
52 43 4423
43 76 8121
76 43 8121
43 102 3759
102 43 3759
43 44 3301
44 43 3301
43 77 6241
77 43 6241
43 74 3666
74 43 3666
43 130 2258
130 43 2258
43 120 6112
120 43 6112
43 82 4255
82 43 4255
43 96 2747
96 43 2747
43 104 647
104 43 647
43 59 3048
59 43 3048
43 145 231
145 43 231
43 142 7341
142 43 7341
43 93 130
93 43 130
43 141 3210
141 43 3210
43 65 1095
65 43 1095
44 58 4279
58 44 4279
44 48 2056
48 44 2056
44 111 4232
111 44 4232
44 83 7673
83 44 7673
44 47 3934
47 44 3934
44 74 5210
74 44 5210
44 108 8111
108 44 8111
44 123 2819
123 44 2819
44 117 2242
117 44 2242
44 101 1997
101 44 1997
44 79 5758
79 44 5758
44 84 3873
84 44 3873
44 81 8319
81 44 8319
44 142 5523
142 44 5523
44 60 456
60 44 456
44 122 1142
122 44 1142
44 96 686
96 44 686
44 148 4713
148 44 4713
44 119 1084
119 44 1084
44 52 714
52 44 714
44 99 8299
99 44 8299
44 97 1152
97 44 1152
44 118 7013
118 44 7013
44 85 1149
85 44 1149
44 91 3446
91 44 3446
45 125 4354
125 45 4354
45 82 5348
82 45 5348
45 107 4900
107 45 4900
45 130 287
130 45 287
45 122 7240
122 45 7240
45 102 6884
102 45 6884
45 89 3584
89 45 3584
45 114 3124
114 45 3124
45 140 5827
140 45 5827
45 61 8045
61 45 8045
45 85 227
85 45 227
45 133 2578
133 45 2578
45 49 3664
49 45 3664
45 95 1206
95 45 1206
45 90 8261
90 45 8261
45 111 2452
111 45 2452
45 128 2270
128 45 2270
45 106 4873
106 45 4873
45 68 6552
68 45 6552
45 132 5384
132 45 5384
45 101 7228
101 45 7228
45 75 3475
75 45 3475
45 51 7643
51 45 7643
46 69 2700
69 46 2700
46 67 5537
67 46 5537
46 125 1796
125 46 1796
46 71 2587
71 46 2587
46 88 3328
88 46 3328
46 104 5524
104 46 5524
46 144 8351
144 46 8351
46 113 7763
113 46 7763
46 81 75
81 46 75
46 73 4306
73 46 4306
46 53 6335
53 46 6335
46 122 3822
122 46 3822
46 118 1654
118 46 1654
46 68 5907
68 46 5907
46 54 7651
54 46 7651
46 148 2373
148 46 2373
46 57 3667
57 46 3667
46 131 537
131 46 537
46 49 5793
49 46 5793
46 105 5080
105 46 5080
46 109 6515
109 46 6515
46 60 3214
60 46 3214
46 127 1006
127 46 1006
46 74 3023
74 46 3023
47 105 7322
105 47 7322
47 63 198
63 47 198
47 83 5845
83 47 5845
47 54 7136
54 47 7136
47 56 6166
56 47 6166
47 131 6105
131 47 6105
47 88 3455
88 47 3455
47 92 3279
92 47 3279
47 70 4730
70 47 4730
47 69 6818
69 47 6818
47 77 2713
77 47 2713
47 65 2175
65 47 2175
47 126 3735
126 47 3735
47 121 233
121 47 233
47 91 1518
91 47 1518
47 133 7013
133 47 7013
47 118 4431
118 47 4431
47 125 3647
125 47 3647
47 82 69
82 47 69
47 48 7556
48 47 7556
47 113 1025
113 47 1025
47 128 4170
128 47 4170
47 78 1607
78 47 1607
47 97 2200
97 47 2200
47 140 66
140 47 66
48 78 7662
78 48 7662
48 107 5380
107 48 5380
48 70 3166
70 48 3166
48 89 6833
89 48 6833
48 83 3235
83 48 3235
48 67 6983
67 48 6983
48 73 5406
73 48 5406
48 147 2297
147 48 2297
48 87 5449
87 48 5449
48 81 3548
81 48 3548
48 95 1756
95 48 1756
48 94 4461
94 48 4461
48 93 6298
93 48 6298
48 130 2290
130 48 2290
48 71 4106
71 48 4106
48 125 1406
125 48 1406
48 132 4572
132 48 4572
48 56 7082
56 48 7082
48 138 5767
138 48 5767
48 74 6190
74 48 6190
48 135 109
135 48 109
48 53 755
53 48 755
48 101 4617
101 48 4617
49 91 4963
91 49 4963
49 146 5951
146 49 5951
49 148 1687
148 49 1687
49 122 2939
122 49 2939
49 92 5079
92 49 5079
49 62 7473
62 49 7473
49 53 271
53 49 271
49 68 8323
68 49 8323
49 60 1990
60 49 1990
49 107 5635
107 49 5635
49 76 575
76 49 575
49 54 3006
54 49 3006
49 63 4502
63 49 4502
49 139 3080
139 49 3080
49 96 4685
96 49 4685
49 52 6840
52 49 6840
49 85 8025
85 49 8025
49 67 4065
67 49 4065
49 103 7622
103 49 7622
49 100 627
100 49 627
50 62 1455
62 50 1455
50 97 674
97 50 674
50 143 6616
143 50 6616
50 113 5287
113 50 5287
50 118 3812
118 50 3812
50 53 4469
53 50 4469
50 135 3711
135 50 3711
50 139 574
139 50 574
50 92 5389
92 50 5389
50 149 7240
149 50 7240
50 84 422
84 50 422
50 90 442
90 50 442
50 108 4358
108 50 4358
50 134 4445
134 50 4445
50 128 2523
128 50 2523
50 51 7850
51 50 7850
50 122 8013
122 50 8013
50 76 4291
76 50 4291
50 64 2119
64 50 2119
50 58 5000
58 50 5000
50 131 7457
131 50 7457
50 79 3079
79 50 3079
50 101 7364
101 50 7364
50 78 5255
78 50 5255
51 117 5596
117 51 5596
51 92 5123
92 51 5123
51 64 2633
64 51 2633
51 80 3361
80 51 3361
51 62 2847
62 51 2847
51 78 3688
78 51 3688
51 85 7048
85 51 7048
51 112 240
112 51 240
51 130 2711
130 51 2711
51 115 5417
115 51 5417
51 106 140
106 51 140
51 138 7743
138 51 7743
51 83 3074
83 51 3074
51 122 5665
122 51 5665
51 60 3491
60 51 3491
51 58 220
58 51 220
51 140 6667
140 51 6667
51 123 1327
123 51 1327
51 136 359
136 51 359
51 53 7516
53 51 7516
51 75 4415
75 51 4415
51 132 140
132 51 140
51 116 6346
116 51 6346
52 108 7078
108 52 7078
52 120 8333
120 52 8333
52 99 5541
99 52 5541
52 128 8100
128 52 8100
52 95 4952
95 52 4952
52 77 4998
77 52 4998
52 73 6940
73 52 6940
52 127 1563
127 52 1563
52 139 6556
139 52 6556
52 81 4231
81 52 4231
52 121 6258
121 52 6258
52 124 8329
124 52 8329
52 96 5926
96 52 5926
52 59 2925
59 52 2925
52 78 3710
78 52 3710
52 132 4167
132 52 4167
52 136 1204
136 52 1204
52 115 659
115 52 659
53 124 979
124 53 979
53 72 6890
72 53 6890
53 96 3250
96 53 3250
53 90 6855
90 53 6855
53 105 2737
105 53 2737
53 79 6469
79 53 6469
53 116 6147
116 53 6147
53 89 578
89 53 578
53 148 7076
148 53 7076
53 134 537
134 53 537
53 121 3384
121 53 3384
53 136 630
136 53 630
53 101 3490
101 53 3490
53 126 2328
126 53 2328
53 112 5521
112 53 5521
53 93 2302
93 53 2302
53 81 3975
81 53 3975
53 107 2328
107 53 2328
53 58 8001
58 53 8001
53 62 5525
62 53 5525
53 98 4606
98 53 4606
53 118 252
118 53 252
53 141 4250
141 53 4250
53 129 6620
129 53 6620
53 142 2275
142 53 2275
53 125 7168
125 53 7168
53 146 3380
146 53 3380
53 143 4144
143 53 4144
53 139 6243
139 53 6243
53 83 885
83 53 885
53 60 1916
60 53 1916
53 74 4563
74 53 4563
53 111 3795
111 53 3795
53 55 2829
55 53 2829
53 114 5776
114 53 5776
54 92 4471
92 54 4471
54 125 7252
125 54 7252
54 56 242
56 54 242
54 84 296
84 54 296
54 62 3293
62 54 3293
54 109 4961
109 54 4961
54 70 6321
70 54 6321
54 137 432
137 54 432
54 147 6619
147 54 6619
54 101 1586
101 54 1586
54 80 6742
80 54 6742
54 89 4264
89 54 4264
54 81 8276
81 54 8276
54 124 1654
124 54 1654
54 134 1408
134 54 1408
54 96 5319
96 54 5319
54 102 6960
102 54 6960
54 108 5265
108 54 5265
54 86 2890
86 54 2890
54 95 3197
95 54 3197
54 139 7914
139 54 7914
54 110 5953
110 54 5953
55 77 7901
77 55 7901
55 95 1215
95 55 1215
55 140 7333
140 55 7333
55 59 4002
59 55 4002
55 135 5999
135 55 5999
55 116 3830
116 55 3830
55 145 3256
145 55 3256
55 61 539
61 55 539
55 133 1897
133 55 1897
55 96 4716
96 55 4716
55 113 359
113 55 359
55 69 3472
69 55 3472
55 75 7222
75 55 7222
55 142 4746
142 55 4746
55 141 8007
141 55 8007
55 71 1178
71 55 1178
55 131 4735
131 55 4735
55 94 1366
94 55 1366
55 100 3600
100 55 3600
56 138 3122
138 56 3122
56 147 4843
147 56 4843
56 121 2658
121 56 2658
56 103 6751
103 56 6751
56 67 823
67 56 823
56 116 4693
116 56 4693
56 125 5541
125 56 5541
56 126 7439
126 56 7439
56 135 7615
135 56 7615
56 112 32
112 56 32
56 143 3527
143 56 3527
56 64 7810
64 56 7810
56 100 7895
100 56 7895
56 134 190
134 56 190
56 144 1402
144 56 1402
56 104 1743
104 56 1743
56 57 6299
57 56 6299
56 133 1427
133 56 1427
56 140 6288
140 56 6288
56 106 3224
106 56 3224
56 71 1113
71 56 1113
56 136 1785
136 56 1785
56 127 5387
127 56 5387
56 75 7152
75 56 7152
57 109 4082
109 57 4082
57 59 2138
59 57 2138
57 135 6625
135 57 6625
57 76 5287
76 57 5287
57 63 6489
63 57 6489
57 116 5031
116 57 5031
57 127 3597
127 57 3597
57 77 2294
77 57 2294
57 78 6027
78 57 6027
57 87 6272
87 57 6272
57 84 4418
84 57 4418
57 131 6785
131 57 6785
57 143 4737
143 57 4737
57 113 8365
113 57 8365
57 64 4391
64 57 4391
57 147 5053
147 57 5053
57 88 2116
88 57 2116
57 67 3584
67 57 3584
57 106 5216
106 57 5216
57 102 4982
102 57 4982
57 138 1948
138 57 1948
57 122 213
122 57 213
57 98 6257
98 57 6257
57 83 1426
83 57 1426
57 72 4635
72 57 4635
58 93 5663
93 58 5663
58 73 6719
73 58 6719
58 118 1974
118 58 1974
58 80 3526
80 58 3526
58 98 7926
98 58 7926
58 129 7570
129 58 7570
58 132 6984
132 58 6984
58 146 5948
146 58 5948
58 104 2478
104 58 2478
58 96 5381
96 58 5381
58 148 2234
148 58 2234
58 91 1142
91 58 1142
58 77 4341
77 58 4341
58 59 3260
59 58 3260
58 120 4329
120 58 4329
58 116 7582
116 58 7582
58 139 1949
139 58 1949
59 77 7886
77 59 7886
59 109 4709
109 59 4709
59 90 5093
90 59 5093
59 79 2247
79 59 2247
59 140 3354
140 59 3354
59 75 7008
75 59 7008
59 78 6576
78 59 6576
59 94 5706
94 59 5706
59 138 2689
138 59 2689
59 83 3070
83 59 3070
59 85 3612
85 59 3612
59 135 4953
135 59 4953
59 113 62
113 59 62
59 117 4158
117 59 4158
59 112 4855
112 59 4855
59 125 6772
125 59 6772
59 69 31
69 59 31
59 136 3621
136 59 3621
59 76 4164
76 59 4164
59 122 5157
122 59 5157
59 118 2966
118 59 2966
59 105 3843
105 59 3843
59 123 7505
123 59 7505
60 101 4076
101 60 4076
60 80 6950
80 60 6950
60 85 4284
85 60 4284
60 129 2592
129 60 2592
60 105 4113
105 60 4113
60 92 1310
92 60 1310
60 145 7384
145 60 7384
60 120 5360
120 60 5360
60 87 4582
87 60 4582
60 127 6240
127 60 6240
60 71 4121
71 60 4121
60 142 6925
142 60 6925
60 126 347
126 60 347
60 77 7199
77 60 7199
60 141 3648
141 60 3648
60 114 7861
114 60 7861
60 143 2346
143 60 2346
60 117 5158
117 60 5158
60 148 8256
148 60 8256
60 113 337
113 60 337
60 99 1398
99 60 1398
60 122 892
122 60 892
60 149 6603
149 60 6603
60 76 6934
76 60 6934
60 128 734
128 60 734
60 64 7005
64 60 7005
60 118 1516
118 60 1516
60 106 3543
106 60 3543
61 148 892
148 61 892
61 146 381
146 61 381
61 136 6362
