200 9950
0 183 5248
183 0 5248
0 128 12857
128 0 12857
0 126 12919
126 0 12919
0 141 14196
141 0 14196
0 158 12036
158 0 12036
0 43 338
43 0 338
0 116 8183
116 0 8183
0 46 14488
46 0 14488
0 33 11307
33 0 11307
0 4 6364
4 0 6364
0 11 5607
11 0 5607
0 74 1026
74 0 1026
0 31 4638
31 0 4638
0 40 10526
40 0 10526
0 81 14344
81 0 14344
0 65 14473
65 0 14473
0 192 14251
192 0 14251
0 47 5757
47 0 5757
0 122 7733
122 0 7733
0 76 6114
76 0 6114
0 1 2722
1 0 2722
0 150 12339
150 0 12339
0 187 14082
187 0 14082
0 99 1732
99 0 1732
0 55 1480
55 0 1480
0 54 13865
54 0 13865
0 97 10835
97 0 10835
0 85 1793
85 0 1793
0 197 12211
197 0 12211
0 93 10189
93 0 10189
0 79 6782
79 0 6782
0 185 14108
185 0 14108
0 172 4861
172 0 4861
0 118 2967
118 0 2967
0 88 6400
88 0 6400
0 114 8340
114 0 8340
0 155 13225
155 0 13225
0 51 3654
51 0 3654
0 100 8152
100 0 8152
0 157 6842
157 0 6842
0 6 7147
6 0 7147
0 167 10029
167 0 10029
0 176 5503
176 0 5503
0 181 10242
181 0 10242
0 129 13509
129 0 13509
0 71 4210
71 0 4210
0 83 12059
83 0 12059
0 84 14652
84 0 14652
0 189 13392
189 0 13392
0 32 14438
32 0 14438
0 24 5715
24 0 5715
1 187 1626
187 1 1626
1 25 12356
25 1 12356
1 188 12498
188 1 12498
1 127 11476
127 1 11476
1 189 11323
189 1 11323
1 140 7883
140 1 7883
1 157 6543
157 1 6543
1 92 7068
92 1 7068
1 99 7768
99 1 7768
1 5 12016
5 1 12016
1 103 6606
103 1 6606
1 130 12980
130 1 12980
1 163 2085
163 1 2085
1 146 14530
146 1 14530
1 193 523
193 1 523
1 78 7530
78 1 7530
1 76 5955
76 1 5955
1 16 876
16 1 876
1 175 9808
175 1 9808
1 166 11690
166 1 11690
1 81 1560
81 1 1560
1 167 2288
167 1 2288
1 74 6111
74 1 6111
1 43 10759
43 1 10759
1 180 12287
180 1 12287
1 29 14230
29 1 14230
1 143 9252
143 1 9252
1 128 7765
128 1 7765
1 176 12854
176 1 12854
1 80 10649
80 1 10649
1 199 978
199 1 978
1 100 4384
100 1 4384
1 3 8128
3 1 8128
1 182 5325
182 1 5325
1 64 2895
64 1 2895
1 86 5967
86 1 5967
1 158 3450
158 1 3450
1 113 12670
113 1 12670
1 77 3157
77 1 3157
1 21 2043
21 1 2043
1 142 14040
142 1 14040
1 32 1304
32 1 1304
1 98 8971
98 1 8971
1 102 11047
102 1 11047
1 114 4816
114 1 4816
1 147 11917
147 1 11917
1 107 6587
107 1 6587
1 149 11712
149 1 11712
1 196 7273
196 1 7273
1 138 3886
138 1 3886
1 6 7842
6 1 7842
1 160 9085
160 1 9085
1 122 12059
122 1 12059
1 69 13728
69 1 13728
1 37 3894
37 1 3894
2 77 1339
77 2 1339
2 52 1832
52 2 1832
2 160 3025
160 2 3025
2 195 2959
195 2 2959
2 192 11419
192 2 11419
2 61 12195
61 2 12195
2 181 2575
181 2 2575
2 145 7089
145 2 7089
2 150 3308
150 2 3308
2 111 3966
111 2 3966
2 55 10725
55 2 10725
2 42 397
42 2 397
2 188 8783
188 2 8783
2 16 8148
16 2 8148
2 122 14908
122 2 14908
2 80 2434
80 2 2434
2 72 13387
72 2 13387
2 24 6483
24 2 6483
2 100 313
100 2 313
2 36 10420
36 2 10420
2 101 12992
101 2 12992
2 58 5355
58 2 5355
2 139 2094
139 2 2094
2 63 7110
63 2 7110
2 93 13707
93 2 13707
2 21 11442
21 2 11442
2 15 582
15 2 582
2 90 8604
90 2 8604
2 82 9300
82 2 9300
2 60 3987
60 2 3987
2 140 9285
140 2 9285
2 44 10072
44 2 10072
2 159 3707
159 2 3707
2 95 2112
95 2 2112
2 88 11270
88 2 11270
2 28 82
28 2 82
2 173 9402
173 2 9402
2 8 11481
8 2 11481
2 75 10058
75 2 10058
2 148 4585
148 2 4585
2 142 2677
142 2 2677
2 3 10071
3 2 10071
2 119 7075
119 2 7075
2 143 14081
143 2 14081
2 39 1894
39 2 1894
2 127 1911
127 2 1911
2 9 8102
9 2 8102
2 120 5623
120 2 5623
2 135 2426
135 2 2426
2 167 10681
167 2 10681
2 184 1613
184 2 1613
2 94 14679
94 2 14679
2 27 11302
27 2 11302
2 30 3555
30 2 3555
2 132 5686
132 2 5686
2 144 3075
144 2 3075
2 108 2852
108 2 2852
3 74 10561
74 3 10561
3 178 5566
178 3 5566
3 107 7920
107 3 7920
3 18 5263
18 3 5263
3 130 7056
130 3 7056
3 38 1513
38 3 1513
3 129 2217
129 3 2217
3 96 9220
96 3 9220
3 51 8589
51 3 8589
3 35 14550
35 3 14550
3 122 12196
122 3 12196
3 184 1136
184 3 1136
3 133 6032
133 3 6032
3 7 4765
7 3 4765
3 180 9760
180 3 9760
3 8 2487
8 3 2487
3 162 5861
162 3 5861
3 53 13046
53 3 13046
3 183 8883
183 3 8883
3 174 9411
174 3 9411
3 152 2626
152 3 2626
3 135 7730
135 3 7730
3 173 13132
173 3 13132
3 167 7562
167 3 7562
3 124 4317
124 3 4317
3 117 13267
117 3 13267
3 87 12901
87 3 12901
3 148 7351
148 3 7351
3 89 13464
89 3 13464
3 112 7762
112 3 7762
3 100 1620
100 3 1620
3 22 11430
22 3 11430
3 19 13768
19 3 13768
3 70 118
70 3 118
3 36 1557
36 3 1557
3 85 7669
85 3 7669
3 95 11344
95 3 11344
3 103 5472
103 3 5472
3 156 11151
156 3 11151
3 91 8837
91 3 8837
3 25 2439
25 3 2439
3 143 5390
143 3 5390
3 31 8379
31 3 8379
3 67 7717
67 3 7717
4 59 9954
59 4 9954
4 31 404
31 4 404
4 197 11793
197 4 11793
4 180 8047
180 4 8047
4 113 6047
113 4 6047
4 94 5699
94 4 5699
4 165 14286
165 4 14286
4 72 12617
72 4 12617
4 179 14645
179 4 14645
4 15 14549
15 4 14549
4 110 6062
110 4 6062
4 122 5949
122 4 5949
4 92 5394
92 4 5394
4 167 4114
167 4 4114
4 50 5875
50 4 5875
4 182 11295
182 4 11295
4 7 2924
7 4 2924
4 126 1968
126 4 1968
4 12 13376
12 4 13376
4 144 6581
144 4 6581
4 132 12475
132 4 12475
4 188 6133
188 4 6133
4 198 5012
198 4 5012
4 119 12766
119 4 12766
4 66 6905
66 4 6905
4 174 14091
174 4 14091
4 104 3030
104 4 3030
4 17 8515
17 4 8515
4 25 3525
25 4 3525
4 6 8950
6 4 8950
4 177 1222
177 4 1222
4 192 964
192 4 964
4 96 10440
96 4 10440
4 47 30
47 4 30
4 62 9681
62 4 9681
4 58 3020
58 4 3020
4 32 14631
32 4 14631
4 199 688
199 4 688
4 178 11550
178 4 11550
4 78 12295
78 4 12295
4 49 1363
49 4 1363
4 181 1419
181 4 1419
4 91 404
91 4 404
4 27 13178
27 4 13178
4 194 13963
194 4 13963
4 88 12854
88 4 12854
4 97 1734
97 4 1734
4 23 13469
23 4 13469
4 187 13861
187 4 13861
4 20 5584
20 4 5584
4 146 5182
146 4 5182
4 38 4203
38 4 4203
4 162 10147
162 4 10147
4 134 9121
134 4 9121
4 186 8818
186 4 8818
5 11 3060
11 5 3060
5 88 8401
88 5 8401
5 20 8974
20 5 8974
5 27 6239
27 5 6239
5 138 9054
138 5 9054
5 186 4786
186 5 4786
5 124 7872
124 5 7872
5 95 3025
95 5 3025
5 142 11992
142 5 11992
5 190 12715
190 5 12715
5 93 2394
93 5 2394
5 167 1884
167 5 1884
5 19 7469
19 5 7469
5 18 1959
18 5 1959
5 51 12601
51 5 12601
5 193 9304
193 5 9304
5 33 50
33 5 50
5 177 11351
177 5 11351
5 46 1037
46 5 1037
5 160 9968
160 5 9968
5 79 5919
79 5 5919
5 24 8528
24 5 8528
5 162 5936
162 5 5936
5 29 731
29 5 731
5 48 129
48 5 129
5 191 4654
191 5 4654
5 13 1704
13 5 1704
5 148 9744
148 5 9744
5 165 11082
165 5 11082
5 115 907
115 5 907
5 97 9388
97 5 9388
5 87 5562
87 5 5562
5 180 10105
180 5 10105
5 132 299
132 5 299
5 104 11599
104 5 11599
5 163 12429
163 5 12429
5 131 5472
131 5 5472
5 156 8884
156 5 8884
5 113 11975
113 5 11975
5 164 3891
164 5 3891
5 110 3770
110 5 3770
5 47 3651
47 5 3651
5 119 12963
119 5 12963
5 107 9163
107 5 9163
5 50 3523
50 5 3523
5 181 14034
181 5 14034
5 83 304
83 5 304
5 154 5490
154 5 5490
5 153 2064
153 5 2064
5 144 10914
144 5 10914
5 77 2595
77 5 2595
5 147 4337
147 5 4337
5 150 1048
150 5 1048
5 105 5350
105 5 5350
5 82 7122
82 5 7122
6 124 1028
124 6 1028
6 45 13574
45 6 13574
6 101 10043
101 6 10043
6 185 6720
185 6 6720
6 23 6752
23 6 6752
6 181 1438
181 6 1438
6 25 1617
25 6 1617
6 128 4767
128 6 4767
6 9 1953
9 6 1953
6 42 12109
42 6 12109
6 194 10524
194 6 10524
6 173 5464
173 6 5464
6 91 9480
91 6 9480
6 179 4789
179 6 4789
6 36 12295
36 6 12295
6 97 3955
97 6 3955
6 158 2726
158 6 2726
6 77 14227
77 6 14227
6 15 11117
15 6 11117
6 176 7589
176 6 7589
6 43 1053
43 6 1053
6 149 5059
149 6 5059
6 56 4421
56 6 4421
6 80 13165
80 6 13165
6 22 4841
22 6 4841
6 99 11840
99 6 11840
6 132 13640
132 6 13640
6 96 2108
96 6 2108
6 195 11549
195 6 11549
6 70 374
70 6 374
6 92 10405
92 6 10405
6 178 2206
178 6 2206
6 166 6046
166 6 6046
6 46 1626
46 6 1626
6 136 12067
136 6 12067
6 19 4153
19 6 4153
6 8 13213
8 6 13213
6 31 10204
31 6 10204
6 20 236
20 6 236
6 191 7292
191 6 7292
6 40 11468
40 6 11468
6 113 14864
113 6 14864
6 74 2640
74 6 2640
6 153 10768
153 6 10768
6 143 9733
143 6 9733
6 59 11215
59 6 11215
6 7 3229
7 6 3229
6 71 722
71 6 722
6 177 4686
177 6 4686
7 55 14889
55 7 14889
7 137 4029
137 7 4029
7 50 923
50 7 923
7 172 10451
172 7 10451
7 85 9541
85 7 9541
7 186 4866
186 7 4866
7 101 14182
101 7 14182
7 192 3031
192 7 3031
7 73 5756
73 7 5756
7 136 10690
136 7 10690
7 161 80
161 7 80
7 151 1966
151 7 1966
7 162 7498
162 7 7498
7 74 10640
74 7 10640
7 152 9882
152 7 9882
7 194 12862
194 7 12862
7 124 249
124 7 249
7 146 8488
146 7 8488
7 112 2732
112 7 2732
7 168 3082
168 7 3082
7 97 12155
97 7 12155
7 138 1623
138 7 1623
7 115 13257
115 7 13257
7 121 5880
121 7 5880
7 51 11483
51 7 11483
7 93 8156
93 7 8156
7 16 3820
16 7 3820
7 178 7737
178 7 7737
7 37 11171
37 7 11171
7 170 6393
170 7 6393
7 196 11217
196 7 11217
7 36 5562
36 7 5562
7 133 9721
133 7 9721
7 86 10364
86 7 10364
7 84 4497
84 7 4497
7 57 12190
57 7 12190
7 122 11670
122 7 11670
7 89 13716
89 7 13716
7 187 13466
187 7 13466
7 127 2377
127 7 2377
7 76 10704
76 7 10704
7 140 6408
140 7 6408
7 82 4129
82 7 4129
7 184 12821
184 7 12821
7 52 12528
52 7 12528
7 11 11977
11 7 11977
7 81 9228
81 7 9228
7 47 901
47 7 901
7 145 11056
145 7 11056
7 62 10487
62 7 10487
7 20 6634
20 7 6634
7 130 9898
130 7 9898
7 67 10216
67 7 10216
7 118 12281
118 7 12281
7 53 14705
53 7 14705
8 150 7895
150 8 7895
8 39 13088
39 8 13088
8 48 3729
48 8 3729
8 26 12712
26 8 12712
8 74 7413
74 8 7413
8 9 11270
9 8 11270
8 56 6007
56 8 6007
8 185 14885
185 8 14885
8 154 5964
154 8 5964
8 24 1841
24 8 1841
8 131 12329
131 8 12329
8 103 12743
103 8 12743
8 176 6097
176 8 6097
8 67 9865
67 8 9865
8 119 14740
119 8 14740
8 141 1894
141 8 1894
8 197 1965
197 8 1965
8 158 2780
158 8 2780
8 168 1357
168 8 1357
8 162 12790
162 8 12790
8 193 8976
193 8 8976
8 22 9789
22 8 9789
8 62 4610
62 8 4610
8 122 3288
122 8 3288
8 147 12414
147 8 12414
8 138 5337
138 8 5337
8 37 11065
37 8 11065
8 13 11793
13 8 11793
8 15 2980
15 8 2980
8 50 7800
50 8 7800
8 68 960
68 8 960
8 144 8725
144 8 8725
8 149 13842
149 8 13842
8 96 12532
96 8 12532
8 130 12174
130 8 12174
8 145 9522
145 8 9522
8 142 9722
142 8 9722
8 80 10746
80 8 10746
8 135 13606
135 8 13606
8 106 4139
106 8 4139
8 186 7898
186 8 7898
8 191 876
191 8 876
8 28 2855
28 8 2855
8 94 6807
94 8 6807
8 40 5146
40 8 5146
8 109 6371
109 8 6371
8 77 2509
77 8 2509
8 116 8521
116 8 8521
8 79 11731
79 8 11731
8 76 10431
76 8 10431
8 156 13204
156 8 13204
8 83 2132
83 8 2132
8 139 6104
139 8 6104
8 59 12218
59 8 12218
9 52 4325
52 9 4325
9 25 14245
25 9 14245
9 92 7833
92 9 7833
9 180 859
180 9 859
9 103 9210
103 9 9210
9 128 13018
128 9 13018
9 82 6280
82 9 6280
9 101 9105
101 9 9105
9 62 13242
62 9 13242
9 56 13892
56 9 13892
9 10 5809
10 9 5809
9 127 13574
127 9 13574
9 11 13516
11 9 13516
9 83 3727
83 9 3727
9 119 10417
119 9 10417
9 125 14655
125 9 14655
9 96 10105
96 9 10105
9 174 6069
174 9 6069
9 148 6422
148 9 6422
9 191 8158
191 9 8158
9 75 4936
75 9 4936
9 70 1677
70 9 1677
9 99 7918
99 9 7918
9 72 10315
72 9 10315
9 30 8495
30 9 8495
9 35 12928
35 9 12928
9 133 5305
133 9 5305
9 120 7812
120 9 7812
9 26 6217
26 9 6217
9 122 8298
122 9 8298
9 31 7497
31 9 7497
9 74 218
74 9 218
9 152 8914
152 9 8914
9 151 13971
151 9 13971
9 139 4900
139 9 4900
9 109 1054
109 9 1054
9 145 1567
145 9 1567
9 195 3622
195 9 3622
9 171 12797
171 9 12797
9 40 3523
40 9 3523
9 150 13890
150 9 13890
9 196 6731
196 9 6731
9 46 7334
46 9 7334
9 78 2711
78 9 2711
9 114 4943
114 9 4943
9 39 1685
39 9 1685
9 38 1305
38 9 1305
9 97 14504
97 9 14504
10 97 14658
97 10 14658
10 163 5932
163 10 5932
10 133 14727
133 10 14727
10 57 13096
57 10 13096
10 193 7682
193 10 7682
10 63 9772
63 10 9772
10 174 9622
174 10 9622
10 151 3951
151 10 3951
10 29 10736
29 10 10736
10 59 13597
59 10 13597
10 182 113
182 10 113
10 38 8539
38 10 8539
10 171 6672
171 10 6672
10 64 812
64 10 812
10 23 14854
23 10 14854
10 40 3730
40 10 3730
10 119 4011
119 10 4011
10 31 10508
31 10 10508
10 47 272
47 10 272
10 81 14224
81 10 14224
10 68 1581
68 10 1581
10 134 8122
134 10 8122
10 73 5375
73 10 5375
10 26 5443
26 10 5443
10 90 4056
90 10 4056
10 94 9624
94 10 9624
10 138 13127
138 10 13127
10 12 10949
12 10 10949
10 152 6835
152 10 6835
10 189 2315
189 10 2315
10 62 395
62 10 395
10 37 1749
37 10 1749
10 100 6151
100 10 6151
10 24 11217
24 10 11217
10 110 9481
110 10 9481
10 21 10779
21 10 10779
10 50 2606
50 10 2606
10 107 10390
107 10 10390
10 116 3020
116 10 3020
10 130 3547
130 10 3547
10 121 10420
121 10 10420
10 39 8537
39 10 8537
11 195 6506
195 11 6506
11 176 10193
176 11 10193
11 189 3814
189 11 3814
11 178 3566
178 11 3566
11 105 1820
105 11 1820
11 174 13257
174 11 13257
11 122 4960
122 11 4960
11 169 8327
169 11 8327
11 139 9681
139 11 9681
11 38 13598
38 11 13598
11 59 6998
59 11 6998
11 67 7817
67 11 7817
11 64 13654
64 11 13654
11 164 3087
164 11 3087
11 37 1761
37 11 1761
11 163 12942
163 11 12942
11 133 12290
133 11 12290
11 45 4553
45 11 4553
11 68 458
68 11 458
11 34 6518
34 11 6518
11 143 13697
143 11 13697
11 84 8629
84 11 8629
11 28 6536
28 11 6536
11 197 12582
197 11 12582
11 65 64
65 11 64
11 152 10844
152 11 10844
11 109 9803
109 11 9803
11 147 9574
147 11 9574
11 40 11489
40 11 11489
11 157 1172
157 11 1172
11 161 2736
161 11 2736
11 42 10682
42 11 10682
11 118 14233
118 11 14233
11 190 273
190 11 273
11 182 14253
182 11 14253
11 66 1579
66 11 1579
11 13 1503
13 11 1503
11 137 12544
137 11 12544
11 23 9637
23 11 9637
11 91 7711
91 11 7711
11 87 11020
87 11 11020
11 89 11707
89 11 11707
11 62 497
62 11 497
11 136 2357
136 11 2357
11 146 277
146 11 277
11 172 13500
172 11 13500
11 36 4510
36 11 4510
11 72 12001
72 11 12001
11 51 8691
51 11 8691
11 151 3492
151 11 3492
11 76 12957
76 11 12957
12 24 52
24 12 52
12 18 3683
18 12 3683
12 176 7749
176 12 7749
12 71 10596
71 12 10596
12 83 13545
83 12 13545
12 158 492
158 12 492
12 75 3880
75 12 3880
12 96 10896
96 12 10896
12 29 1374
29 12 1374
12 148 2715
148 12 2715
12 110 8341
110 12 8341
12 57 9217
57 12 9217
12 51 19
51 12 19
12 19 4933
19 12 4933
12 16 1961
16 12 1961
12 173 3159
173 12 3159
12 193 11632
193 12 11632
12 43 8911
43 12 8911
12 115 3287
115 12 3287
12 195 5932
195 12 5932
12 151 6948
151 12 6948
12 53 9620
53 12 9620
12 162 1091
162 12 1091
12 109 9174
109 12 9174
12 70 13782
70 12 13782
12 145 11184
145 12 11184
12 66 5689
66 12 5689
12 192 886
192 12 886
12 22 4908
22 12 4908
12 189 9575
189 12 9575
12 42 2447
42 12 2447
12 112 10534
112 12 10534
12 50 10362
50 12 10362
12 136 2942
136 12 2942
12 78 9761
78 12 9761
12 156 11849
156 12 11849
12 144 2147
144 12 2147
12 128 7748
128 12 7748
12 49 6156
49 12 6156
12 100 4948
100 12 4948
12 17 10228
17 12 10228
12 196 2178
196 12 2178
12 61 2623
61 12 2623
12 80 13170
80 12 13170
12 41 14207
41 12 14207
12 58 11918
58 12 11918
12 146 2561
146 12 2561
12 31 13257
31 12 13257
12 127 8079
127 12 8079
12 161 11281
161 12 11281
13 126 6841
126 13 6841
13 52 9176
52 13 9176
13 175 6121
175 13 6121
13 193 11304
193 13 11304
13 184 13342
184 13 13342
13 186 6514
186 13 6514
13 26 12397
26 13 12397
13 179 14685
179 13 14685
13 142 12951
142 13 12951
13 59 7195
59 13 7195
13 54 7772
54 13 7772
13 181 1457
181 13 1457
13 178 543
178 13 543
13 103 1909
103 13 1909
13 136 9944
136 13 9944
13 118 11301
118 13 11301
13 83 12664
83 13 12664
13 20 2653
20 13 2653
13 29 10107
29 13 10107
13 48 12056
48 13 12056
13 166 4396
166 13 4396
13 154 5917
154 13 5917
13 27 8774
27 13 8774
13 192 5665
192 13 5665
13 101 13571
101 13 13571
13 63 414
63 13 414
13 182 12079
182 13 12079
13 144 3682
144 13 3682
13 191 12674
191 13 12674
13 66 7288
66 13 7288
13 119 12906
119 13 12906
13 88 12328
88 13 12328
13 170 14059
170 13 14059
13 25 5714
25 13 5714
13 70 2596
70 13 2596
13 123 12929
123 13 12929
13 75 12655
75 13 12655
13 104 19
104 13 19
13 47 11328
47 13 11328
13 149 11474
149 13 11474
13 121 4898
121 13 4898
13 50 13360
50 13 13360
13 22 2723
22 13 2723
13 108 10533
108 13 10533
13 198 8226
198 13 8226
13 97 9665
97 13 9665
13 64 11118
64 13 11118
13 194 9522
194 13 9522
13 91 10051
91 13 10051
13 183 8840
183 13 8840
13 89 5597
89 13 5597
13 190 2313
190 13 2313
13 58 4913
58 13 4913
13 40 4257
40 13 4257
14 134 4898
134 14 4898
14 54 7831
54 14 7831
14 129 1017
129 14 1017
14 192 9535
192 14 9535
14 76 4360
76 14 4360
14 183 4080
183 14 4080
14 40 1445
40 14 1445
14 119 6720
119 14 6720
14 172 545
172 14 545
14 15 2573
15 14 2573
14 18 8734
18 14 8734
14 38 9618
38 14 9618
14 43 13601
43 14 13601
14 139 8248
139 14 8248
14 97 10206
97 14 10206
14 174 10054
174 14 10054
14 113 11851
113 14 11851
14 163 8106
163 14 8106
14 177 12113
177 14 12113
14 105 9562
105 14 9562
14 44 2164
44 14 2164
14 123 339
123 14 339
14 121 12518
121 14 12518
14 138 2154
138 14 2154
14 41 10894
41 14 10894
14 173 12167
173 14 12167
14 46 12182
46 14 12182
14 149 13271
149 14 13271
14 103 13577
103 14 13577
14 78 4522
78 14 4522
14 91 3699
91 14 3699
14 73 13099
73 14 13099
14 30 5605
30 14 5605
14 67 14678
67 14 14678
14 181 3023
181 14 3023
14 115 23
115 14 23
14 29 11033
29 14 11033
14 80 2961
80 14 2961
14 92 4919
92 14 4919
14 185 7750
185 14 7750
14 191 7589
191 14 7589
14 135 3285
135 14 3285
14 55 6673
55 14 6673
14 125 10724
125 14 10724
14 146 14365
146 14 14365
15 90 9685
90 15 9685
15 149 13864
149 15 13864
15 24 7291
24 15 7291
15 152 11280
152 15 11280
15 144 4473
144 15 4473
15 16 7995
16 15 7995
15 50 12616
50 15 12616
15 39 8259
39 15 8259
15 190 5652
190 15 5652
15 148 13660
148 15 13660
15 101 1082
101 15 1082
15 178 11764
178 15 11764
15 192 6375
192 15 6375
15 161 7835
161 15 7835
15 93 6784
93 15 6784
15 59 11545
59 15 11545
15 35 12606
35 15 12606
15 129 4770
129 15 4770
15 67 5695
67 15 5695
15 31 3980
31 15 3980
15 176 5115
176 15 5115
15 143 3437
143 15 3437
15 53 12019
53 15 12019
15 199 3229
199 15 3229
15 167 8677
167 15 8677
15 95 12938
95 15 12938
15 22 298
22 15 298
15 163 3766
163 15 3766
15 145 12457
145 15 12457
15 158 14774
158 15 14774
15 114 5152
114 15 5152
15 195 6401
195 15 6401
15 43 12673
43 15 12673
15 137 3302
137 15 3302
15 162 4527
162 15 4527
15 160 5915
160 15 5915
15 179 9547
179 15 9547
15 103 12259
103 15 12259
15 47 14069
47 15 14069
15 119 3672
119 15 3672
15 57 2476
57 15 2476
16 35 14632
35 16 14632
16 149 7021
149 16 7021
16 147 7559
147 16 7559
16 23 1266
23 16 1266
16 159 11086
159 16 11086
16 73 6249
73 16 6249
16 95 3911
95 16 3911
16 118 11377
118 16 11377
16 143 13905
143 16 13905
16 108 6983
108 16 6983
16 174 14438
174 16 14438
16 111 2156
111 16 2156
16 160 6433
160 16 6433
16 90 13652
90 16 13652
16 148 4736
148 16 4736
16 27 13458
27 16 13458
16 117 1125
117 16 1125
16 152 8288
152 16 8288
16 167 7489
167 16 7489
16 115 4740
115 16 4740
16 120 1849
120 16 1849
16 41 8979
41 16 8979
16 151 498
151 16 498
16 162 11072
162 16 11072
16 38 8288
38 16 8288
16 190 4066
190 16 4066
16 101 443
101 16 443
16 186 12406
186 16 12406
16 28 7380
28 16 7380
16 94 4805
94 16 4805
16 18 6208
18 16 6208
16 67 2701
67 16 2701
16 121 1672
121 16 1672
16 110 2075
110 16 2075
16 176 13985
176 16 13985
16 31 12273
31 16 12273
16 96 1058
96 16 1058
16 168 5102
168 16 5102
16 81 14821
81 16 14821
16 126 14703
126 16 14703
16 199 3296
199 16 3296
16 173 1305
173 16 1305
16 170 9080
170 16 9080
16 144 6746
144 16 6746
16 197 14026
197 16 14026
16 194 14199
194 16 14199
16 100 11761
100 16 11761
16 45 13534
45 16 13534
16 72 12451
72 16 12451
16 82 13133
82 16 13133
17 70 3992
70 17 3992
17 177 5411
177 17 5411
17 158 6463
158 17 6463
17 102 11283
102 17 11283
17 28 11771
28 17 11771
17 52 8003
52 17 8003
17 36 8627
36 17 8627
17 95 11501
95 17 11501
17 89 11347
89 17 11347
17 82 12704
82 17 12704
17 79 11651
79 17 11651
17 64 5484
64 17 5484
17 167 10551
167 17 10551
17 168 2889
168 17 2889
17 62 14833
62 17 14833
17 90 1503
90 17 1503
17 77 9443
77 17 9443
17 53 6010
53 17 6010
17 25 8175
25 17 8175
17 143 10942
143 17 10942
17 55 8087
55 17 8087
17 106 4177
106 17 4177
17 29 4266
29 17 4266
17 33 4479
33 17 4479
17 174 5133
174 17 5133
17 114 8048
114 17 8048
17 51 975
51 17 975
17 138 13399
138 17 13399
17 45 8533
45 17 8533
17 197 11821
197 17 11821
17 100 2162
100 17 2162
17 179 7785
179 17 7785
17 60 9768
60 17 9768
17 140 7455
140 17 7455
17 87 13240
87 17 13240
17 88 4466
88 17 4466
17 61 8796
61 17 8796
17 23 1462
23 17 1462
18 152 9316
152 18 9316
18 32 10568
32 18 10568
18 27 465
27 18 465
18 195 9262
195 18 9262
18 59 5891
59 18 5891
18 169 3595
169 18 3595
18 180 5731
180 18 5731
18 158 4294
158 18 4294
18 160 6938
160 18 6938
18 129 7753
129 18 7753
18 57 6477
57 18 6477
18 110 1992
110 18 1992
18 33 5983
33 18 5983
18 191 14616
191 18 14616
18 179 13360
179 18 13360
18 68 12947
68 18 12947
18 47 13520
47 18 13520
18 36 13254
36 18 13254
18 93 11383
93 18 11383
18 186 4375
186 18 4375
18 151 3984
151 18 3984
18 62 2591
62 18 2591
18 166 4258
166 18 4258
18 41 9943
41 18 9943
18 193 6336
193 18 6336
18 162 8994
162 18 8994
18 109 12583
109 18 12583
18 83 13652
83 18 13652
18 90 12304
90 18 12304
18 67 5601
67 18 5601
18 54 4024
54 18 4024
18 74 14838
74 18 14838
18 23 8160
23 18 8160
18 199 7664
199 18 7664
18 20 12616
20 18 12616
18 79 5731
79 18 5731
18 155 13665
155 18 13665
18 25 11691
25 18 11691
18 146 1348
146 18 1348
18 144 14055
144 18 14055
18 100 12758
100 18 12758
18 89 10922
89 18 10922
18 50 4359
50 18 4359
18 31 2721
31 18 2721
18 37 983
37 18 983
18 43 6153
43 18 6153
18 174 6504
174 18 6504
18 130 9578
130 18 9578
18 80 1678
80 18 1678
19 131 8982
131 19 8982
19 52 5060
52 19 5060
19 192 6681
192 19 6681
19 94 8414
94 19 8414
19 126 3066
126 19 3066
19 164 8039
164 19 8039
19 32 13854
32 19 13854
19 196 8663
196 19 8663
19 91 271
91 19 271
19 106 6000
106 19 6000
19 57 11900
57 19 11900
19 170 7544
170 19 7544
19 117 12934
117 19 12934
19 108 11320
108 19 11320
19 65 5547
65 19 5547
19 53 6944
53 19 6944
19 40 723
40 19 723
19 114 6451
114 19 6451
19 144 2810
144 19 2810
19 169 12643
169 19 12643
19 152 11621
152 19 11621
19 129 3088
129 19 3088
19 180 3092
180 19 3092
19 50 7066
50 19 7066
19 148 10476
148 19 10476
19 156 540
156 19 540
19 121 12268
121 19 12268
19 194 13383
194 19 13383
19 81 8178
81 19 8178
19 197 1125
197 19 1125
19 146 13848
146 19 13848
19 26 8870
26 19 8870
19 183 634
183 19 634
19 77 4062
77 19 4062
19 159 535
159 19 535
19 33 14909
33 19 14909
19 188 13438
188 19 13438
19 171 629
171 19 629
19 39 4021
39 19 4021
19 87 9548
87 19 9548
19 157 9362
157 19 9362
19 86 3370
86 19 3370
19 111 9465
111 19 9465
19 34 10620
34 19 10620
19 28 2281
28 19 2281
19 89 2270
89 19 2270
20 54 6873
54 20 6873
20 89 10124
89 20 10124
20 128 12349
128 20 12349
20 192 5875
192 20 5875
20 27 396
27 20 396
20 152 7233
152 20 7233
20 39 14512
39 20 14512
20 159 10481
159 20 10481
20 145 13551
145 20 13551
20 180 5530
180 20 5530
20 115 6386
115 20 6386
20 126 14480
126 20 14480
20 53 6448
53 20 6448
20 107 9634
107 20 9634
20 132 10629
132 20 10629
20 114 1324
114 20 1324
20 109 13205
109 20 13205
20 182 5501
182 20 5501
20 170 12950
170 20 12950
20 72 14621
72 20 14621
20 122 10475
122 20 10475
20 123 12785
123 20 12785
20 88 14630
88 20 14630
20 191 6274
191 20 6274
20 176 9588
176 20 9588
20 110 2298
110 20 2298
20 80 14875
80 20 14875
20 26 3538
26 20 3538
20 95 11990
95 20 11990
20 94 14525
94 20 14525
20 153 11484
153 20 11484
20 177 8843
177 20 8843
20 167 13975
167 20 13975
20 56 11653
56 20 11653
20 73 13442
73 20 13442
20 113 13531
113 20 13531
20 83 5173
83 20 5173
20 184 6229
184 20 6229
20 38 13961
38 20 13961
20 74 4148
74 20 4148
20 171 11599
171 20 11599
20 131 984
131 20 984
20 148 3679
148 20 3679
20 68 1142
68 20 1142
20 121 7568
121 20 7568
20 91 4409
91 20 4409
20 40 1492
40 20 1492
20 185 14804
185 20 14804
21 35 13117
35 21 13117
21 62 9449
62 21 9449
21 32 2107
32 21 2107
21 142 3955
142 21 3955
21 59 1461
59 21 1461
21 190 5395
190 21 5395
21 154 4270
154 21 4270
21 86 13967
86 21 13967
21 151 4914
151 21 4914
21 22 14541
22 21 14541
21 158 12861
158 21 12861
21 64 9084
64 21 9084
21 139 5130
139 21 5130
21 169 5056
169 21 5056
21 76 9438
76 21 9438
21 100 8526
100 21 8526
21 66 14448
66 21 14448
21 71 11893
71 21 11893
21 183 7104
183 21 7104
21 84 1820
84 21 1820
21 91 7325
91 21 7325
21 127 2067
127 21 2067
21 27 9364
27 21 9364
21 186 11240
186 21 11240
21 163 4664
163 21 4664
21 143 12325
143 21 12325
21 54 8459
54 21 8459
21 189 230
189 21 230
21 99 13612
99 21 13612
21 176 7778
176 21 7778
21 65 14908
65 21 14908
21 170 11404
170 21 11404
21 162 11666
162 21 11666
21 153 2926
153 21 2926
21 81 2801
81 21 2801
21 96 7500
96 21 7500
21 36 4390
36 21 4390
21 105 2585
105 21 2585
21 135 9979
135 21 9979
21 103 11510
103 21 11510
21 50 10151
50 21 10151
21 72 11126
72 21 11126
21 175 10440
175 21 10440
22 84 2854
84 22 2854
22 45 9031
45 22 9031
22 71 14517
71 22 14517
22 98 1795
98 22 1795
22 155 14635
155 22 14635
22 33 11517
33 22 11517
22 36 10530
36 22 10530
22 153 14083
153 22 14083
22 85 10709
85 22 10709
22 156 12745
156 22 12745
22 119 741
119 22 741
22 123 12813
123 22 12813
22 82 12573
82 22 12573
22 99 12888
99 22 12888
22 41 11368
41 22 11368
22 151 8189
151 22 8189
22 56 2183
56 22 2183
22 112 5583
112 22 5583
22 169 9502
169 22 9502
22 174 8499
174 22 8499
22 79 534
79 22 534
22 176 1653
176 22 1653
22 109 10286
109 22 10286
22 148 3050
148 22 3050
22 48 1380
48 22 1380
22 74 2551
74 22 2551
22 52 4696
52 22 4696
22 50 13297
50 22 13297
22 110 6122
110 22 6122
22 60 8230
60 22 8230
22 198 4562
198 22 4562
22 171 14598
171 22 14598
22 128 9010
128 22 9010
22 158 7187
158 22 7187
22 111 8382
111 22 8382
22 73 9480
73 22 9480
22 154 10201
154 22 10201
22 135 1387
135 22 1387
22 193 13650
193 22 13650
22 100 4770
100 22 4770
22 140 708
140 22 708
22 70 10198
70 22 10198
22 30 12210
30 22 12210
23 27 13944
27 23 13944
23 70 14775
70 23 14775
23 118 14758
118 23 14758
23 52 11232
52 23 11232
23 147 4876
147 23 4876
23 173 2461
173 23 2461
23 32 13689
32 23 13689
23 156 11016
156 23 11016
23 48 12266
48 23 12266
23 74 2191
74 23 2191
23 71 13641
71 23 13641
23 51 4484
51 23 4484
23 63 4324
63 23 4324
23 178 5908
178 23 5908
23 28 13603
28 23 13603
23 172 12532
172 23 12532
23 87 5167
87 23 5167
23 65 248
65 23 248
23 174 2965
174 23 2965
23 134 13937
134 23 13937
23 93 8993
93 23 8993
23 181 14046
181 23 14046
23 90 4900
90 23 4900
23 24 7798
24 23 7798
23 98 9916
98 23 9916
23 149 1359
149 23 1359
23 137 1588
137 23 1588
23 68 3029
68 23 3029
23 175 14827
175 23 14827
23 33 2896
33 23 2896
23 185 11224
185 23 11224
23 94 12127
94 23 12127
23 99 346
99 23 346
23 199 13779
199 23 13779
23 126 13989
126 23 13989
23 37 8989
37 23 8989
23 105 1685
105 23 1685
23 85 3935
85 23 3935
23 54 12973
54 23 12973
23 152 13910
152 23 13910
23 96 2261
96 23 2261
23 117 1051
117 23 1051
23 159 7995
159 23 7995
23 145 5813
145 23 5813
23 196 6629
196 23 6629
24 84 7077
84 24 7077
24 172 791
172 24 791
24 42 426
42 24 426
24 61 14252
61 24 14252
24 70 2176
70 24 2176
24 56 10202
56 24 10202
24 113 3423
113 24 3423
24 158 2251
158 24 2251
24 118 14737
118 24 14737
24 178 263
178 24 263
24 45 11852
45 24 11852
24 185 11782
185 24 11782
24 183 1901
183 24 1901
24 47 2597
47 24 2597
24 91 14689
91 24 14689
24 25 8180
25 24 8180
24 114 890
114 24 890
24 98 9326
98 24 9326
24 174 3456
174 24 3456
24 124 14628
124 24 14628
24 69 1599
69 24 1599
24 116 5393
116 24 5393
24 199 5435
199 24 5435
24 55 1700
55 24 1700
24 73 3651
73 24 3651
24 148 10765
148 24 10765
25 106 727
106 25 727
25 72 1157
72 25 1157
25 142 1552
142 25 1552
25 73 2329
73 25 2329
25 143 5967
143 25 5967
25 56 3057
56 25 3057
25 125 11888
125 25 11888
25 87 14618
87 25 14618
25 169 4196
169 25 4196
25 40 14119
40 25 14119
25 145 2755
145 25 2755
25 177 14597
177 25 14597
25 42 8957
42 25 8957
25 199 551
199 25 551
25 89 1746
89 25 1746
25 132 9291
132 25 9291
25 88 14445
88 25 14445
25 86 13667
86 25 13667
25 99 11030
99 25 11030
25 105 6670
105 25 6670
25 28 13980
28 25 13980
25 43 5685
43 25 5685
25 75 12202
75 25 12202
25 78 11457
78 25 11457
25 196 9292
196 25 9292
25 45 9809
45 25 9809
25 127 1697
127 25 1697
25 68 12144
68 25 12144
25 51 6376
51 25 6376
25 178 9620
178 25 9620
25 116 9060
116 25 9060
25 174 12820
174 25 12820
25 27 7310
27 25 7310
25 84 1883
84 25 1883
25 95 4733
95 25 4733
25 30 6226
30 25 6226
25 67 5934
67 25 5934
25 111 577
111 25 577
25 190 6979
190 25 6979
25 176 9960
176 25 9960
25 32 14624
32 25 14624
25 119 7211
119 25 7211
25 60 452
60 25 452
25 147 783
147 25 783
25 101 4918
101 25 4918
26 67 2594
67 26 2594
26 103 1690
103 26 1690
26 159 2459
159 26 2459
26 63 4586
63 26 4586
26 147 4004
147 26 4004
26 139 14026
139 26 14026
26 46 590
46 26 590
26 163 11384
163 26 11384
26 142 9589
142 26 9589
26 195 10719
195 26 10719
26 168 12795
168 26 12795
26 49 3300
49 26 3300
26 172 9549
172 26 9549
26 101 8727
101 26 8727
26 192 1651
192 26 1651
26 109 7727
109 26 7727
26 82 5990
82 26 5990
26 138 8971
138 26 8971
26 36 6862
36 26 6862
26 40 11489
40 26 11489
26 132 10405
132 26 10405
26 92 6945
92 26 6945
26 155 3316
155 26 3316
26 164 10311
164 26 10311
26 66 7897
66 26 7897
26 93 2802
93 26 2802
26 148 11235
148 26 11235
26 175 11005
175 26 11005
26 112 14416
112 26 14416
26 71 3924
71 26 3924
26 68 11078
68 26 11078
26 177 5482
177 26 5482
26 193 7364
193 26 7364
26 31 7074
31 26 7074
26 153 3139
153 26 3139
26 100 6954
100 26 6954
26 42 8489
42 26 8489
26 84 13231
84 26 13231
26 58 11233
58 26 11233
26 56 7798
56 26 7798
27 190 11516
190 27 11516
27 55 8277
55 27 8277
27 33 11749
33 27 11749
27 164 1401
164 27 1401
27 178 923
178 27 923
27 194 3880
194 27 3880
27 29 2319
29 27 2319
27 77 11035
77 27 11035
27 126 965
126 27 965
27 141 8890
141 27 8890
27 71 9880
71 27 9880
27 176 9831
176 27 9831
27 72 10273
72 27 10273
27 28 7537
28 27 7537
27 93 2109
93 27 2109
27 113 9586
113 27 9586
27 53 1556
53 27 1556
27 68 7905
68 27 7905
27 142 11004
142 27 11004
27 195 13392
195 27 13392
27 184 10842
184 27 10842
27 147 735
147 27 735
27 101 4666
101 27 4666
27 163 11479
163 27 11479
27 130 1128
130 27 1128
27 30 7641
30 27 7641
27 69 14702
69 27 14702
27 111 7917
111 27 7917
27 159 13658
159 27 13658
27 157 11547
157 27 11547
27 199 5051
199 27 5051
27 38 3297
38 27 3297
27 138 2768
138 27 2768
27 66 1301
66 27 1301
27 151 8318
151 27 8318
27 132 2191
132 27 2191
27 125 2060
125 27 2060
27 104 13040
104 27 13040
27 183 10355
183 27 10355
27 131 425
131 27 425
27 54 1800
54 27 1800
28 68 7422
68 28 7422
28 170 5217
170 28 5217
28 43 8902
43 28 8902
28 157 9236
157 28 9236
28 153 12977
153 28 12977
28 35 6897
35 28 6897
28 76 12833
76 28 12833
28 51 6697
51 28 6697
28 31 14788
31 28 14788
28 142 3094
142 28 3094
28 69 7607
69 28 7607
28 148 13942
148 28 13942
28 104 9324
104 28 9324
28 77 797
77 28 797
28 113 9487
113 28 9487
28 138 4011
138 28 4011
28 86 2556
86 28 2556
28 102 5264
102 28 5264
28 171 9800
171 28 9800
28 40 8821
40 28 8821
28 59 12351
59 28 12351
28 45 840
45 28 840
28 177 9086
177 28 9086
28 98 11864
98 28 11864
28 82 12272
82 28 12272
28 94 7952
94 28 7952
28 93 8529
93 28 8529
28 197 3952
197 28 3952
28 159 2756
159 28 2756
28 88 4559
88 28 4559
28 39 7881
39 28 7881
28 72 9803
72 28 9803
28 55 10632
55 28 10632
28 194 1104
194 28 1104
28 133 11752
133 28 11752
28 38 14096
38 28 14096
29 94 2006
94 29 2006
29 38 11230
38 29 11230
29 78 7563
78 29 7563
29 130 12409
130 29 12409
29 47 5217
47 29 5217
29 104 10303
104 29 10303
29 151 14184
151 29 14184
29 65 13069
65 29 13069
29 140 9488
140 29 9488
29 80 7644
80 29 7644
29 96 13030
96 29 13030
29 192 10927
192 29 10927
29 59 11740
59 29 11740
29 123 7242
123 29 7242
29 186 2385
186 29 2385
29 191 1071
191 29 1071
29 197 6359
197 29 6359
29 84 14059
84 29 14059
29 48 14399
48 29 14399
29 124 5284
124 29 5284
29 103 5670
103 29 5670
29 71 2303
71 29 2303
29 77 5705
77 29 5705
29 49 8151
49 29 8151
29 132 4773
132 29 4773
29 109 9494
109 29 9494
29 69 8013
69 29 8013
29 55 7103
55 29 7103
29 45 2234
45 29 2234
29 32 10837
32 29 10837
29 88 884
88 29 884
29 182 1662
182 29 1662
29 155 14032
155 29 14032
29 115 5541
115 29 5541
29 196 34
196 29 34
29 184 3323
184 29 3323
29 121 6992
121 29 6992
29 41 9909
41 29 9909
29 137 12589
137 29 12589
29 193 13875
193 29 13875
29 112 4792
112 29 4792
29 157 3028
157 29 3028
29 166 3530
166 29 3530
29 61 11393
61 29 11393
29 36 545
36 29 545
29 108 8455
108 29 8455
29 149 11844
149 29 11844
29 183 7060
183 29 7060
29 81 10509
81 29 10509
29 72 5015
72 29 5015
29 86 11505
86 29 11505
29 98 7634
98 29 7634
29 118 2624
118 29 2624
29 164 9605
164 29 9605
29 128 2504
128 29 2504
29 74 2131
74 29 2131
29 152 7486
152 29 7486
29 190 12925
190 29 12925
30 82 13358
82 30 13358
30 84 1899
84 30 1899
30 46 3863
46 30 3863
30 171 7799
171 30 7799
30 128 9072
128 30 9072
30 80 3370
80 30 3370
30 73 88
73 30 88
30 92 9885
92 30 9885
30 35 4032
35 30 4032
30 196 11455
196 30 11455
30 120 4284
120 30 4284
30 70 821
70 30 821
30 52 13720
52 30 13720
30 31 1983
31 30 1983
30 90 12223
90 30 12223
30 105 13147
105 30 13147
30 185 11628
185 30 11628
30 100 4622
100 30 4622
30 147 10884
147 30 10884
30 146 13077
146 30 13077
30 136 4239
136 30 4239
30 119 3652
119 30 3652
30 134 10690
134 30 10690
30 122 8143
122 30 8143
30 192 6664
192 30 6664
30 145 2659
145 30 2659
30 142 6300
142 30 6300
30 65 2210
65 30 2210
30 66 11732
66 30 11732
30 76 2145
76 30 2145
30 186 13284
186 30 13284
30 148 2921
148 30 2921
30 98 1118
98 30 1118
31 87 14075
87 31 14075
31 33 14468
33 31 14468
31 95 12070
95 31 12070
31 125 13345
125 31 13345
31 85 12995
85 31 12995
31 51 3544
51 31 3544
31 70 3233
70 31 3233
31 77 14421
77 31 14421
31 110 1819
110 31 1819
31 52 12466
52 31 12466
31 88 1016
88 31 1016
31 150 12390
150 31 12390
31 128 12135
128 31 12135
31 122 10878
122 31 10878
31 129 3179
129 31 3179
31 107 626
107 31 626
31 170 2827
170 31 2827
31 68 1467
68 31 1467
31 151 10342
151 31 10342
31 121 14785
121 31 14785
31 66 1342
66 31 1342
31 57 11501
57 31 11501
31 40 7835
40 31 7835
31 101 1223
101 31 1223
31 181 3562
181 31 3562
31 199 11618
199 31 11618
31 65 12805
65 31 12805
31 76 6279
76 31 6279
31 143 1760
143 31 1760
31 99 6356
99 31 6356
31 106 2035
106 31 2035
31 69 7832
69 31 7832
31 147 1785
147 31 1785
31 115 4285
115 31 4285
31 188 1894
188 31 1894
31 134 14126
134 31 14126
31 116 12155
116 31 12155
31 184 6777
184 31 6777
31 174 804
174 31 804
31 112 14175
112 31 14175
31 192 7901
192 31 7901
31 152 4370
152 31 4370
31 176 8755
176 31 8755
31 168 2631
168 31 2631
31 141 12699
141 31 12699
31 144 2553
144 31 2553
31 148 8760
148 31 8760
31 124 12250
124 31 12250
32 148 1641
148 32 1641
32 68 3110
68 32 3110
32 112 14495
112 32 14495
32 94 2939
94 32 2939
32 84 1162
84 32 1162
32 109 2434
109 32 2434
32 139 14227
139 32 14227
32 122 9369
122 32 9369
32 168 4031
168 32 4031
32 143 10948
143 32 10948
32 171 14497
171 32 14497
32 170 6900
170 32 6900
32 129 14175
129 32 14175
32 62 1730
62 32 1730
32 163 85
163 32 85
32 33 1820
33 32 1820
32 135 4136
135 32 4136
32 159 1329
159 32 1329
32 121 9956
121 32 9956
32 140 8793
140 32 8793
32 150 983
150 32 983
32 136 11681
136 32 11681
32 142 791
142 32 791
32 125 3690
125 32 3690
32 147 6875
147 32 6875
32 178 8825
178 32 8825
32 132 7633
132 32 7633
32 86 12038
86 32 12038
32 104 12731
104 32 12731
32 73 9820
73 32 9820
32 195 4311
195 32 4311
32 119 6806
119 32 6806
32 189 5251
189 32 5251
32 59 3728
59 32 3728
32 167 11880
167 32 11880
32 63 12659
63 32 12659
32 103 11134
103 32 11134
32 145 8136
145 32 8136
32 169 9675
169 32 9675
32 107 5151
107 32 5151
32 177 8092
177 32 8092
32 92 9334
92 32 9334
32 176 4745
176 32 4745
32 76 13380
76 32 13380
32 47 6746
47 32 6746
32 53 13614
53 32 13614
32 51 11677
51 32 11677
32 126 12918
126 32 12918
33 59 789
59 33 789
33 108 12073
108 33 12073
33 90 4649
90 33 4649
33 180 4346
180 33 4346
33 86 12730
86 33 12730
33 178 3634
178 33 3634
33 62 7850
62 33 7850
33 38 1354
38 33 1354
33 111 740
111 33 740
33 53 12612
53 33 12612
33 110 13916
110 33 13916
33 92 14021
92 33 14021
33 119 9973
119 33 9973
33 152 10790
152 33 10790
33 96 7110
96 33 7110
33 139 10372
139 33 10372
33 131 147
131 33 147
33 106 8533
106 33 8533
33 174 3911
174 33 3911
33 104 7958
104 33 7958
33 118 2087
118 33 2087
33 153 11721
153 33 11721
33 125 1349
125 33 1349
33 161 3732
161 33 3732
33 193 6992
193 33 6992
33 184 14452
184 33 14452
33 121 14421
121 33 14421
33 137 14527
137 33 14527
33 55 9153
55 33 9153
33 172 13463
172 33 13463
33 82 10061
82 33 10061
33 130 11084
130 33 11084
33 45 7647
45 33 7647
33 163 2469
163 33 2469
33 147 4242
147 33 4242
33 149 13994
149 33 13994
33 164 13488
164 33 13488
33 154 8586
154 33 8586
33 85 7466
85 33 7466
33 138 14632
138 33 14632
33 187 10540
187 33 10540
33 127 3383
127 33 3383
33 145 3525
145 33 3525
33 77 5427
77 33 5427
33 132 20
132 33 20
34 85 7547
85 34 7547
34 98 8988
98 34 8988
34 51 3210
51 34 3210
34 35 9369
35 34 9369
34 66 11838
66 34 11838
34 110 7993
110 34 7993
34 178 13999
178 34 13999
34 118 914
118 34 914
34 78 13116
78 34 13116
34 143 412
143 34 412
34 135 14205
135 34 14205
34 92 4895
92 34 4895
34 127 418
127 34 418
34 69 11436
69 34 11436
34 37 13033
37 34 13033
34 144 1870
144 34 1870
34 74 7048
74 34 7048
34 172 870
172 34 870
34 175 3225
175 34 3225
34 193 9362
193 34 9362
34 160 2450
160 34 2450
34 114 2147
114 34 2147
34 109 4702
109 34 4702
34 154 6080
154 34 6080
34 77 8165
77 34 8165
34 176 5051
176 34 5051
34 47 1115
47 34 1115
34 156 14052
156 34 14052
34 151 5809
151 34 5809
34 63 9819
63 34 9819
34 146 14898
146 34 14898
34 53 10228
53 34 10228
34 166 12712
166 34 12712
34 133 10221
133 34 10221
34 147 8635
147 34 8635
34 80 11290
80 34 11290
34 132 4566
132 34 4566
34 60 11979
60 34 11979
34 170 5261
170 34 5261
35 87 161
87 35 161
35 158 1449
158 35 1449
35 174 8314
174 35 8314
35 55 12533
55 35 12533
35 168 14446
168 35 14446
35 170 9317
170 35 9317
35 69 5554
69 35 5554
35 144 385
144 35 385
35 135 5061
135 35 5061
35 79 10426
79 35 10426
35 156 11298
156 35 11298
35 108 14304
108 35 14304
35 175 11156
175 35 11156
35 159 13623
159 35 13623
35 106 10153
106 35 10153
35 130 2929
130 35 2929
35 68 13115
68 35 13115
35 129 2709
129 35 2709
35 61 5875
61 35 5875
35 41 14059
41 35 14059
35 184 4044
184 35 4044
35 127 12020
127 35 12020
35 46 280
46 35 280
35 84 1179
84 35 1179
35 194 13566
194 35 13566
35 160 9764
160 35 9764
35 40 6453
40 35 6453
35 181 5852
181 35 5852
35 80 8352
80 35 8352
35 157 7805
157 35 7805
35 113 5486
113 35 5486
35 58 9542
58 35 9542
35 77 1627
77 35 1627
35 197 1644
197 35 1644
35 193 5273
193 35 5273
35 47 8032
47 35 8032
35 105 3302
105 35 3302
35 85 10145
85 35 10145
35 59 10951
59 35 10951
35 115 9407
115 35 9407
35 125 14053
125 35 14053
35 132 4626
132 35 4626
35 70 6949
70 35 6949
35 185 12815
185 35 12815
35 60 3552
60 35 3552
35 153 991
153 35 991
35 118 3409
118 35 3409
36 46 987
46 36 987
36 130 12313
130 36 12313
36 148 8804
148 36 8804
36 92 5116
92 36 5116
36 178 553
178 36 553
36 146 14212
146 36 14212
36 165 4401
165 36 4401
36 83 10476
83 36 10476
36 119 7189
119 36 7189
36 181 13219
181 36 13219
36 124 14328
124 36 14328
36 149 9293
149 36 9293
36 174 9031
174 36 9031
36 191 10567
191 36 10567
36 104 14718
104 36 14718
36 56 14045
56 36 14045
36 162 3129
162 36 3129
36 150 7879
150 36 7879
36 40 11968
40 36 11968
36 70 4632
70 36 4632
36 154 12861
154 36 12861
36 76 7334
76 36 7334
36 62 1219
62 36 1219
36 58 10870
58 36 10870
36 139 13474
139 36 13474
36 137 512
137 36 512
36 96 12635
96 36 12635
36 49 14352
49 36 14352
36 38 376
38 36 376
36 115 9314
115 36 9314
36 131 13795
131 36 13795
36 111 7195
111 36 7195
36 138 6067
138 36 6067
36 152 10248
152 36 10248
37 147 3262
147 37 3262
37 130 11763
130 37 11763
37 54 5571
54 37 5571
37 138 6495
138 37 6495
37 91 14192
91 37 14192
37 57 14029
57 37 14029
37 67 810
67 37 810
37 99 11185
99 37 11185
37 172 5756
172 37 5756
37 52 505
52 37 505
37 175 13502
175 37 13502
37 129 6569
129 37 6569
37 185 14522
185 37 14522
37 66 7334
66 37 7334
37 109 7501
109 37 7501
37 121 14210
121 37 14210
37 65 2063
65 37 2063
37 68 10604
68 37 10604
37 95 13105
95 37 13105
37 119 12929
119 37 12929
37 159 13016
159 37 13016
37 84 5332
84 37 5332
37 50 35
50 37 35
37 163 14891
163 37 14891
37 64 9397
64 37 9397
37 156 7565
156 37 7565
37 72 10930
72 37 10930
37 62 7146
62 37 7146
