70 1206
0 35 1655
35 0 1655
0 24 773
24 0 773
0 57 1653
57 0 1653
0 51 1041
51 0 1041
0 9 403
9 0 403
0 31 186
31 0 186
0 33 1387
33 0 1387
0 63 704
63 0 704
0 25 1327
25 0 1327
0 69 420
69 0 420
0 21 1571
21 0 1571
0 50 1398
50 0 1398
0 32 25
32 0 25
0 58 1261
58 0 1261
0 8 360
8 0 360
0 52 1451
52 0 1451
0 11 773
11 0 773
0 46 1580
46 0 1580
0 59 1440
59 0 1440
1 42 840
42 1 840
1 5 478
5 1 478
1 45 1269
45 1 1269
1 13 1110
13 1 1110
1 49 573
49 1 573
1 55 440
55 1 440
1 44 489
44 1 489
1 2 536
2 1 536
1 17 65
17 1 65
1 52 954
52 1 954
1 21 297
21 1 297
1 28 835
28 1 835
1 62 594
62 1 594
1 60 1113
60 1 1113
1 50 1354
50 1 1354
1 32 229
32 1 229
1 23 735
23 1 735
1 8 732
8 1 732
1 10 1146
10 1 1146
2 9 1111
9 2 1111
2 61 607
61 2 607
2 49 1494
49 2 1494
2 40 97
40 2 97
2 20 143
20 2 143
2 64 1146
64 2 1146
2 36 333
36 2 333
2 52 84
52 2 84
2 54 561
54 2 561
2 29 1181
29 2 1181
2 30 1077
30 2 1077
3 49 827
49 3 827
3 48 346
48 3 346
3 23 300
23 3 300
3 19 63
19 3 63
3 6 1476
6 3 1476
3 64 1195
64 3 1195
3 10 347
10 3 347
3 27 1392
27 3 1392
4 32 1008
32 4 1008
4 46 909
46 4 909
4 58 1007
58 4 1007
4 11 1663
11 4 1663
4 10 418
10 4 418
4 52 1638
52 4 1638
4 61 630
61 4 630
4 67 656
67 4 656
4 17 1547
17 4 1547
4 15 816
15 4 816
4 47 289
47 4 289
4 43 852
43 4 852
4 13 634
13 4 634
4 53 1234
53 4 1234
4 62 1388
62 4 1388
4 51 576
51 4 576
4 38 1806
38 4 1806
4 5 1096
5 4 1096
4 26 423
26 4 423
4 34 1347
34 4 1347
4 44 613
44 4 613
5 49 198
49 5 198
5 54 1266
54 5 1266
5 30 841
30 5 841
5 25 1600
25 5 1600
5 65 1717
65 5 1717
5 43 1559
43 5 1559
5 68 1459
68 5 1459
5 60 670
60 5 670
5 31 242
31 5 242
5 28 125
28 5 125
5 8 570
8 5 570
5 69 170
69 5 170
5 21 958
21 5 958
5 64 1087
64 5 1087
5 11 979
11 5 979
6 43 1275
43 6 1275
6 64 180
64 6 180
6 39 575
39 6 575
6 69 764
69 6 764
6 60 359
60 6 359
6 29 1697
29 6 1697
6 42 830
42 6 830
6 20 161
20 6 161
6 22 789
22 6 789
6 30 700
30 6 700
6 28 101
28 6 101
6 51 1093
51 6 1093
6 33 1481
33 6 1481
6 37 1523
37 6 1523
6 47 1160
47 6 1160
6 18 1298
18 6 1298
6 21 773
21 6 773
7 12 1029
12 7 1029
7 18 1594
18 7 1594
7 56 606
56 7 606
7 47 1722
47 7 1722
7 64 1539
64 7 1539
7 14 72
14 7 72
7 37 1297
37 7 1297
7 28 747
28 7 747
7 53 1115
53 7 1115
7 45 1321
45 7 1321
7 30 1057
30 7 1057
7 69 1343
69 7 1343
7 54 333
54 7 333
7 16 1636
16 7 1636
7 43 980
43 7 980
7 65 1506
65 7 1506
7 15 75
15 7 75
7 48 425
48 7 425
8 9 277
9 8 277
8 23 687
23 8 687
8 33 858
33 8 858
8 22 1523
22 8 1523
8 13 1238
13 8 1238
8 27 551
27 8 551
8 11 499
11 8 499
8 65 1363
65 8 1363
8 44 1187
44 8 1187
8 48 240
48 8 240
8 18 326
18 8 326
8 31 19
31 8 19
8 19 964
19 8 964
9 53 80
53 9 80
9 29 233
29 9 233
9 24 852
24 9 852
9 46 950
46 9 950
9 39 1549
39 9 1549
9 18 1427
18 9 1427
9 42 955
42 9 955
9 52 1402
52 9 1402
9 28 300
28 9 300
9 17 1544
17 9 1544
9 55 184
55 9 184
9 51 930
51 9 930
9 20 1626
20 9 1626
9 44 234
44 9 234
9 59 331
59 9 331
10 63 1768
63 10 1768
10 59 1525
59 10 1525
10 58 1121
58 10 1121
10 18 157
18 10 157
10 26 1380
26 10 1380
10 14 1004
14 10 1004
10 38 939
38 10 939
10 35 1236
35 10 1236
10 39 68
39 10 68
10 31 677
31 10 677
10 12 907
12 10 907
10 48 952
48 10 952
10 33 1216
33 10 1216
10 55 171
55 10 171
10 19 767
19 10 767
10 23 23
23 10 23
10 13 1723
13 10 1723
10 62 1482
62 10 1482
10 34 153
34 10 153
11 26 1139
26 11 1139
11 17 255
17 11 255
11 32 298
32 11 298
11 27 575
27 11 575
11 20 440
20 11 440
11 55 949
55 11 949
11 12 730
12 11 730
11 29 838
29 11 838
11 13 1375
13 11 1375
11 40 4
40 11 4
11 21 860
21 11 860
11 56 1531
56 11 1531
11 58 825
58 11 825
11 45 87
45 11 87
11 64 66
64 11 66
11 37 1511
37 11 1511
11 65 1287
65 11 1287
11 43 370
43 11 370
11 31 145
31 11 145
12 34 368
34 12 368
12 66 1358
66 12 1358
12 33 1196
33 12 1196
12 37 178
37 12 178
12 44 905
44 12 905
12 68 785
68 12 785
12 31 238
31 12 238
12 56 1731
56 12 1731
13 66 132
66 13 132
13 28 913
28 13 913
13 32 1687
32 13 1687
13 47 1660
47 13 1660
13 69 299
69 13 299
13 41 273
41 13 273
13 43 391
43 13 391
13 63 1796
63 13 1796
13 16 1632
16 13 1632
13 48 1546
48 13 1546
13 65 911
65 13 911
13 58 1272
58 13 1272
13 29 1335
29 13 1335
13 19 192
19 13 192
13 23 1233
23 13 1233
13 51 584
51 13 584
14 52 752
52 14 752
14 21 685
21 14 685
14 63 847
63 14 847
14 49 36
49 14 36
14 41 1479
41 14 1479
14 16 1275
16 14 1275
14 40 1106
40 14 1106
14 48 1629
48 14 1629
14 64 666
64 14 666
14 51 1704
51 14 1704
14 58 86
58 14 86
14 55 1752
55 14 1752
14 39 1591
39 14 1591
14 29 814
29 14 814
15 54 1160
54 15 1160
15 62 294
62 15 294
15 25 1092
25 15 1092
15 19 1285
19 15 1285
15 58 1276
58 15 1276
15 45 1413
45 15 1413
15 63 764
63 15 764
15 22 314
22 15 314
15 59 182
59 15 182
15 30 245
30 15 245
15 41 1748
41 15 1748
15 31 1046
31 15 1046
15 52 58
52 15 58
15 18 486
18 15 486
16 33 1562
33 16 1562
16 19 430
19 16 430
16 61 854
61 16 854
16 18 1159
18 16 1159
16 30 271
30 16 271
16 23 1763
23 16 1763
16 41 475
41 16 475
16 32 1441
32 16 1441
16 62 1282
62 16 1282
16 51 646
51 16 646
16 21 631
21 16 631
16 48 1694
48 16 1694
17 45 1761
45 17 1761
17 32 1492
32 17 1492
17 60 1557
60 17 1557
17 61 486
61 17 486
17 59 1214
59 17 1214
17 20 1682
20 17 1682
17 43 1735
43 17 1735
17 47 1006
47 17 1006
17 64 664
64 17 664
17 62 899
62 17 899
17 34 1745
34 17 1745
17 35 963
35 17 963
18 23 256
23 18 256
18 52 786
52 18 786
18 41 1548
41 18 1548
18 40 1146
40 18 1146
18 44 1327
44 18 1327
18 20 316
20 18 316
18 54 922
54 18 922
18 61 791
61 18 791
18 36 760
36 18 760
18 46 1676
46 18 1676
18 59 792
59 18 792
19 37 1407
37 19 1407
19 63 347
63 19 347
19 59 842
59 19 842
19 40 1721
40 19 1721
19 31 824
31 19 824
19 21 214
21 19 214
19 22 287
22 19 287
19 26 1029
26 19 1029
19 67 375
67 19 375
19 33 737
33 19 737
19 24 318
24 19 318
19 60 691
60 19 691
19 46 1474
46 19 1474
19 27 1534
27 19 1534
20 45 313
45 20 313
20 64 1460
64 20 1460
20 46 1600
46 20 1600
20 62 1578
62 20 1578
20 48 587
48 20 587
20 59 485
59 20 485
20 30 1566
30 20 1566
20 33 1330
33 20 1330
20 54 369
54 20 369
20 44 266
44 20 266
20 65 822
65 20 822
20 63 304
63 20 304
21 69 1547
69 21 1547
21 30 1421
30 21 1421
21 33 884
33 21 884
21 38 280
38 21 280
21 65 1502
65 21 1502
21 50 209
50 21 209
21 53 1751
53 21 1751
21 35 1467
35 21 1467
21 23 239
23 21 239
21 29 1006
29 21 1006
22 42 1401
42 22 1401
22 59 1126
59 22 1126
22 67 1729
67 22 1729
22 66 697
66 22 697
22 32 1358
32 22 1358
22 35 500
35 22 500
22 58 1162
58 22 1162
22 69 65
69 22 65
22 45 262
45 22 262
23 33 1728
33 23 1728
23 46 14
46 23 14
23 52 445
52 23 445
23 39 190
39 23 190
23 60 892
60 23 892
23 51 1462
51 23 1462
23 67 777
67 23 777
23 64 86
64 23 86
23 62 1238
62 23 1238
23 28 347
28 23 347
23 56 1391
56 23 1391
23 61 791
61 23 791
23 27 1195
27 23 1195
24 48 1570
48 24 1570
24 35 1198
35 24 1198
24 46 811
46 24 811
24 44 1044
44 24 1044
24 64 815
64 24 815
24 47 695
47 24 695
24 66 970
66 24 970
24 51 571
51 24 571
24 32 617
32 24 617
25 60 812
60 25 812
25 53 1732
53 25 1732
25 57 1053
57 25 1053
25 35 1098
35 25 1098
25 64 1507
64 25 1507
25 46 1427
46 25 1427
25 31 1346
31 25 1346
26 48 1391
48 26 1391
26 65 159
65 26 159
26 61 610
61 26 610
26 53 1294
53 26 1294
26 60 1622
60 26 1622
26 55 1031
55 26 1031
26 68 13
68 26 13
26 41 798
41 26 798
26 38 962
38 26 962
26 29 254
29 26 254
27 66 155
66 27 155
27 42 1758
42 27 1758
27 49 1550
49 27 1550
27 40 1714
40 27 1714
27 53 945
53 27 945
27 69 237
69 27 237
27 60 1647
60 27 1647
27 33 1681
33 27 1681
27 59 1089
59 27 1089
27 58 712
58 27 712
27 51 777
51 27 777
28 29 1782
29 28 1782
28 47 1783
47 28 1783
28 48 1158
48 28 1158
28 63 429
63 28 429
28 37 1022
37 28 1022
28 65 37
65 28 37
28 43 938
43 28 938
28 31 961
31 28 961
28 68 886
68 28 886
28 35 1537
35 28 1537
29 48 78
48 29 78
29 53 224
53 29 224
29 37 553
37 29 553
29 34 1162
34 29 1162
29 40 1701
40 29 1701
29 49 1521
49 29 1521
29 69 397
69 29 397
29 61 1656
61 29 1656
30 55 352
55 30 352
30 58 1275
58 30 1275
30 44 1071
44 30 1071
30 38 728
38 30 728
30 64 1261
64 30 1261
30 56 139
56 30 139
30 32 960
32 30 960
30 62 1441
62 30 1441
30 67 1657
67 30 1657
30 52 940
52 30 940
31 37 1129
37 31 1129
31 65 1278
65 31 1278
31 59 511
59 31 511
31 33 1775
33 31 1775
31 42 965
42 31 965
31 62 1276
62 31 1276
31 38 1250
38 31 1250
31 36 749
36 31 749
31 69 43
69 31 43
31 39 942
39 31 942
31 60 1524
60 31 1524
31 48 871
48 31 871
32 39 519
39 32 519
32 59 1608
59 32 1608
32 41 1284
41 32 1284
32 61 501
61 32 501
32 35 104
35 32 104
32 68 1570
68 32 1570
32 55 740
55 32 740
32 50 1542
50 32 1542
32 43 382
43 32 382
32 45 954
45 32 954
32 38 1615
38 32 1615
33 48 900
48 33 900
33 43 1808
43 33 1808
33 41 1096
41 33 1096
33 60 193
60 33 193
33 55 1361
55 33 1361
33 49 1312
49 33 1312
33 59 707
59 33 707
33 50 931
50 33 931
33 34 1425
34 33 1425
33 45 412
45 33 412
33 39 1361
39 33 1361
33 44 1686
44 33 1686
34 41 1281
41 34 1281
34 43 454
43 34 454
34 45 1061
45 34 1061
34 39 816
39 34 816
34 63 1352
63 34 1352
34 52 847
52 34 847
34 61 1296
61 34 1296
34 40 1169
40 34 1169
35 67 1661
67 35 1661
35 55 362
55 35 362
35 46 722
46 35 722
35 57 204
57 35 204
35 60 1337
60 35 1337
35 44 1543
44 35 1543
35 58 1357
58 35 1357
35 50 920
50 35 920
35 40 335
40 35 335
36 69 414
69 36 414
36 46 1490
46 36 1490
36 54 1359
54 36 1359
36 47 842
47 36 842
36 48 1696
48 36 1696
36 53 504
53 36 504
36 43 1414
43 36 1414
36 40 994
40 36 994
36 45 172
45 36 172
36 64 1243
64 36 1243
36 50 434
50 36 434
37 39 1440
39 37 1440
37 38 1704
38 37 1704
37 56 1614
56 37 1614
37 43 1023
43 37 1023
37 59 1063
59 37 1063
37 49 522
49 37 522
38 52 863
52 38 863
38 62 907
62 38 907
38 69 1334
69 38 1334
38 61 518
61 38 518
38 66 555
66 38 555
38 53 1222
53 38 1222
38 57 334
57 38 334
39 41 296
41 39 296
39 49 119
49 39 119
39 68 1569
68 39 1569
39 57 85
57 39 85
39 44 806
44 39 806
39 63 876
63 39 876
39 66 783
66 39 783
40 57 32
57 40 32
40 68 1390
68 40 1390
40 49 341
49 40 341
40 58 781
58 40 781
40 41 1522
41 40 1522
40 52 844
52 40 844
40 53 844
53 40 844
41 60 210
60 41 210
41 44 258
44 41 258
41 67 1627
67 41 1627
41 59 1705
59 41 1705
42 45 169
45 42 169
42 44 185
44 42 185
42 50 1744
50 42 1744
42 47 90
47 42 90
42 53 33
53 42 33
42 49 1327
49 42 1327
42 59 1098
59 42 1098
42 68 1685
68 42 1685
42 51 890
51 42 890
42 63 716
63 42 716
43 46 422
46 43 422
43 59 1013
59 43 1013
43 64 561
64 43 561
43 61 1549
61 43 1549
43 62 1510
62 43 1510
43 68 657
68 43 657
44 66 1172
66 44 1172
44 62 1676
62 44 1676
44 59 1611
59 44 1611
44 52 1433
52 44 1433
44 67 899
67 44 899
44 55 683
55 44 683
45 47 905
47 45 905
45 49 1186
49 45 1186
45 68 792
68 45 792
45 48 1705
48 45 1705
45 55 496
55 45 496
45 63 972
63 45 972
45 50 152
50 45 152
45 54 671
54 45 671
46 50 1264
50 46 1264
46 68 1581
68 46 1581
46 61 1364
61 46 1364
46 59 1721
59 46 1721
46 60 901
60 46 901
47 52 1074
52 47 1074
47 64 727
64 47 727
47 53 655
53 47 655
47 63 712
63 47 712
47 62 1577
62 47 1577
47 69 1726
69 47 1726
48 57 1408
57 48 1408
48 62 1114
62 48 1114
48 56 603
56 48 603
48 53 851
53 48 851
49 66 1008
66 49 1008
49 69 84
69 49 84
49 68 127
68 49 127
49 50 1697
50 49 1697
49 53 1691
53 49 1691
49 54 709
54 49 709
50 69 728
69 50 728
50 52 1120
52 50 1120
50 60 406
60 50 406
50 56 246
56 50 246
50 66 1557
66 50 1557
50 63 1722
63 50 1722
50 61 743
61 50 743
50 57 295
57 50 295
50 67 872
67 50 872
51 69 166
69 51 166
51 53 1448
53 51 1448
51 60 380
60 51 380
51 67 823
67 51 823
51 66 264
66 51 264
51 54 1048
54 51 1048
52 54 1120
54 52 1120
52 62 493
62 52 493
53 59 1794
59 53 1794
53 58 103
58 53 103
53 63 848
63 53 848
53 65 1113
65 53 1113
53 61 1566
61 53 1566
53 55 90
55 53 90
54 55 818
55 54 818
54 67 587
67 54 587
54 62 1473
62 54 1473
55 64 939
64 55 939
55 60 1078
60 55 1078
56 63 761
63 56 761
56 64 383
64 56 383
56 69 851
69 56 851
56 61 175
61 56 175
57 58 913
58 57 913
57 60 832
60 57 832
57 61 648
61 57 648
57 68 1158
68 57 1158
58 65 12
65 58 12
58 69 388
69 58 388
59 67 1772
67 59 1772
59 61 1351
61 59 1351
59 69 1454
69 59 1454
59 60 1045
60 59 1045
60 69 1374
69 60 1374
60 61 1725
61 60 1725
60 67 1681
67 60 1681
61 65 61
65 61 61
62 65 375
65 62 375
62 69 1425
69 62 1425
63 69 345
69 63 345
63 65 1220
65 63 1220
63 64 1208
64 63 1208
65 67 531
67 65 531
66 68 1424
68 66 1424
67 69 1802
69 67 1802
