50 612
0 29 445
29 0 445
0 36 649
36 0 649
0 19 37
19 0 37
0 21 796
21 0 796
0 13 549
13 0 549
0 41 805
41 0 805
0 42 884
42 0 884
0 35 855
35 0 855
0 40 194
40 0 194
0 34 512
34 0 512
1 33 680
33 1 680
1 6 519
6 1 519
1 20 122
20 1 122
1 45 865
45 1 865
1 15 552
15 1 552
1 31 119
31 1 119
1 32 440
32 1 440
1 7 373
7 1 373
1 29 178
29 1 178
1 8 549
8 1 549
1 21 796
21 1 796
1 13 81
13 1 81
1 19 305
19 1 305
1 34 685
34 1 685
1 42 463
42 1 463
1 30 43
30 1 43
1 12 357
12 1 357
2 17 808
17 2 808
2 32 481
32 2 481
2 41 216
41 2 216
2 38 434
38 2 434
2 43 281
43 2 281
2 12 683
12 2 683
2 49 837
49 2 837
2 28 457
28 2 457
2 30 509
30 2 509
2 48 512
48 2 512
2 23 382
23 2 382
2 8 371
8 2 371
2 22 650
22 2 650
2 27 29
27 2 29
2 40 315
40 2 315
2 4 36
4 2 36
2 46 693
46 2 693
3 20 501
20 3 501
3 10 82
10 3 82
3 22 748
22 3 748
3 6 863
6 3 863
3 16 618
16 3 618
3 7 616
7 3 616
3 4 400
4 3 400
3 9 335
9 3 335
4 24 853
24 4 853
4 22 574
22 4 574
4 16 524
16 4 524
4 6 616
6 4 616
4 26 174
26 4 174
4 34 318
34 4 318
4 25 615
25 4 615
4 23 661
23 4 661
4 31 581
31 4 581
4 28 835
28 4 835
4 29 705
29 4 705
5 12 874
12 5 874
5 21 883
21 5 883
5 32 163
32 5 163
5 22 783
22 5 783
5 25 476
25 5 476
5 49 410
49 5 410
5 37 782
37 5 782
5 24 269
24 5 269
5 16 198
16 5 198
5 38 366
38 5 366
6 17 341
17 6 341
6 12 214
12 6 214
6 8 662
8 6 662
6 41 394
41 6 394
6 49 718
49 6 718
6 35 641
35 6 641
6 44 592
44 6 592
6 14 889
14 6 889
6 32 72
32 6 72
6 45 163
45 6 163
6 48 669
48 6 669
6 13 91
13 6 91
7 12 72
12 7 72
7 36 263
36 7 263
7 15 883
15 7 883
7 11 272
11 7 272
7 32 431
32 7 431
7 8 9
8 7 9
7 22 292
22 7 292
7 33 45
33 7 45
7 31 871
31 7 871
7 42 899
42 7 899
7 17 540
17 7 540
7 41 771
41 7 771
7 9 799
9 7 799
7 40 507
40 7 507
8 40 115
40 8 115
8 12 418
12 8 418
8 37 774
37 8 774
8 41 494
41 8 494
8 27 765
27 8 765
8 48 841
48 8 841
8 10 578
10 8 578
8 24 693
24 8 693
8 45 132
45 8 132
8 43 780
43 8 780
8 42 91
42 8 91
8 21 191
21 8 191
8 47 307
47 8 307
8 23 215
23 8 215
9 27 743
27 9 743
9 38 101
38 9 101
9 30 495
30 9 495
9 17 622
17 9 622
9 41 240
41 9 240
9 19 152
19 9 152
9 35 458
35 9 458
9 34 71
34 9 71
9 28 517
28 9 517
9 47 145
47 9 145
9 12 166
12 9 166
9 32 568
32 9 568
10 32 217
32 10 217
10 44 179
44 10 179
10 18 24
18 10 24
10 28 264
28 10 264
10 24 170
24 10 170
10 25 36
25 10 36
10 46 522
46 10 522
10 14 12
14 10 12
11 36 415
36 11 415
11 21 655
21 11 655
11 33 180
33 11 180
11 20 445
20 11 445
11 48 578
48 11 578
11 18 503
18 11 503
11 32 31
32 11 31
11 30 322
30 11 322
11 44 770
44 11 770
11 41 113
41 11 113
11 38 906
38 11 906
12 23 131
23 12 131
12 27 460
27 12 460
12 43 771
43 12 771
12 31 399
31 12 399
12 17 829
17 12 829
12 32 285
32 12 285
12 18 839
18 12 839
13 26 319
26 13 319
13 36 740
36 13 740
13 14 223
14 13 223
13 30 421
30 13 421
13 28 557
28 13 557
14 48 30
48 14 30
14 40 703
40 14 703
14 26 916
26 14 916
14 46 540
46 14 540
14 31 761
31 14 761
14 23 391
23 14 391
14 30 525
30 14 525
14 20 699
20 14 699
14 15 569
15 14 569
14 27 754
27 14 754
15 36 368
36 15 368
15 23 410
23 15 410
15 46 119
46 15 119
15 32 187
32 15 187
15 16 541
16 15 541
15 40 742
40 15 742
15 22 272
22 15 272
15 33 434
33 15 434
15 27 380
27 15 380
15 42 558
42 15 558
16 18 300
18 16 300
16 46 14
46 16 14
16 24 310
24 16 310
17 34 713
34 17 713
17 46 284
46 17 284
17 30 127
30 17 127
17 31 593
31 17 593
17 33 631
33 17 631
17 27 537
27 17 537
17 39 244
39 17 244
18 22 373
22 18 373
18 36 805
36 18 805
18 42 131
42 18 131
18 48 466
48 18 466
18 19 181
19 18 181
19 32 60
32 19 60
19 48 844
48 19 844
19 42 285
42 19 285
19 45 589
45 19 589
19 20 904
20 19 904
19 29 246
29 19 246
19 28 782
28 19 782
20 22 336
22 20 336
20 45 610
45 20 610
20 31 731
31 20 731
20 44 779
44 20 779
20 37 34
37 20 34
20 33 350
33 20 350
20 35 865
35 20 865
20 49 38
49 20 38
20 39 214
39 20 214
21 26 44
26 21 44
21 23 481
23 21 481
21 30 887
30 21 887
21 25 443
25 21 443
21 47 280
47 21 280
21 41 792
41 21 792
21 49 641
49 21 641
21 24 760
24 21 760
22 44 475
44 22 475
22 25 503
25 22 503
22 30 96
30 22 96
22 28 842
28 22 842
22 42 725
42 22 725
22 27 653
27 22 653
22 43 345
43 22 345
22 34 262
34 22 262
23 26 653
26 23 653
23 48 193
48 23 193
23 31 233
31 23 233
23 30 561
30 23 561
24 26 904
26 24 904
24 33 218
33 24 218
24 34 511
34 24 511
24 40 915
40 24 915
24 31 348
31 24 348
24 25 259
25 24 259
25 37 808
37 25 808
25 30 233
30 25 233
25 29 304
29 25 304
26 48 916
48 26 916
26 49 110
49 26 110
26 27 302
27 26 302
26 28 539
28 26 539
26 32 74
32 26 74
26 45 809
45 26 809
27 45 629
45 27 629
27 31 844
31 27 844
27 42 622
42 27 622
27 49 203
49 27 203
27 29 807
29 27 807
27 43 437
43 27 437
28 38 841
38 28 841
28 47 583
47 28 583
28 30 716
30 28 716
28 40 313
40 28 313
28 29 592
29 28 592
28 33 732
33 28 732
29 33 25
33 29 25
29 39 417
39 29 417
29 46 363
46 29 363
29 32 258
32 29 258
29 31 735
31 29 735
29 35 607
35 29 607
30 49 594
49 30 594
30 45 335
45 30 335
30 47 502
47 30 502
30 44 415
44 30 415
31 39 23
39 31 23
31 42 707
42 31 707
31 34 360
34 31 360
31 45 692
45 31 692
31 41 571
41 31 571
31 33 731
33 31 731
31 47 68
47 31 68
31 49 452
49 31 452
32 37 870
37 32 870
32 49 684
49 32 684
32 47 848
47 32 848
33 41 675
41 33 675
33 39 280
39 33 280
33 40 589
40 33 589
33 35 683
35 33 683
34 36 134
36 34 134
34 35 109
35 34 109
34 38 190
38 34 190
34 43 537
43 34 537
35 46 592
46 35 592
35 42 320
42 35 320
35 40 170
40 35 170
36 37 593
37 36 593
36 47 831
47 36 831
36 45 768
45 36 768
37 46 309
46 37 309
37 39 596
39 37 596
37 41 206
41 37 206
37 44 808
44 37 808
38 41 462
41 38 462
39 40 734
40 39 734
39 41 132
41 39 132
39 45 706
45 39 706
39 49 623
49 39 623
41 48 148
48 41 148
41 44 179
44 41 179
42 45 420
45 42 420
43 44 341
44 43 341
44 48 443
48 44 443
45 49 312
49 45 312
45 47 657
47 45 657
46 49 132
49 46 132
