10 66
0 4 46
4 0 46
0 6 92
6 0 92
0 7 40
7 0 40
0 5 48
5 0 48
0 9 53
9 0 53
0 3 90
3 0 90
0 8 65
8 0 65
1 9 36
9 1 36
1 7 27
7 1 27
1 3 91
3 1 91
1 6 64
6 1 64
1 8 91
8 1 91
1 5 12
5 1 12
2 3 52
3 2 52
2 4 48
4 2 48
2 5 16
5 2 16
2 7 66
7 2 66
2 9 74
9 2 74
3 9 54
9 3 54
3 7 33
7 3 33
3 4 67
4 3 67
3 8 95
8 3 95
3 5 38
5 3 38
4 8 60
8 4 60
4 9 12
9 4 12
4 7 61
7 4 61
5 8 32
8 5 32
5 7 91
7 5 91
5 9 80
9 5 80
5 6 42
6 5 42
6 9 2
9 6 2
7 9 44
9 7 44
7 8 14
8 7 14
