200 29850
0 3 857
3 0 857
0 42 42299
42 0 42299
0 140 3120
140 0 3120
0 90 11964
90 0 11964
0 139 29316
139 0 29316
0 88 3918
88 0 3918
0 146 2447
146 0 2447
0 189 11796
189 0 11796
0 18 34579
18 0 34579
0 50 34457
50 0 34457
0 167 12829
167 0 12829
0 92 1675
92 0 1675
0 193 39470
193 0 39470
0 136 9073
136 0 9073
0 57 42839
57 0 42839
0 63 16874
63 0 16874
0 114 35114
114 0 35114
0 165 35694
165 0 35694
0 69 29008
69 0 29008
0 102 39189
102 0 39189
0 117 14232
117 0 14232
0 77 32062
77 0 32062
0 13 11758
13 0 11758
0 123 15156
123 0 15156
0 4 38933
4 0 38933
0 186 18540
186 0 18540
0 38 6206
38 0 6206
0 164 9
164 0 9
0 121 40293
121 0 40293
0 135 37621
135 0 37621
0 106 40471
106 0 40471
0 120 9182
120 0 9182
0 156 21411
156 0 21411
0 197 32071
197 0 32071
0 64 13971
64 0 13971
0 28 7259
28 0 7259
0 107 36696
107 0 36696
0 7 18401
7 0 18401
0 138 34940
138 0 34940
0 110 26337
110 0 26337
0 23 28153
23 0 28153
0 105 43804
105 0 43804
0 86 37391
86 0 37391
0 170 20619
170 0 20619
0 82 13372
82 0 13372
0 45 42516
45 0 42516
0 29 8916
29 0 8916
0 113 1071
113 0 1071
0 12 390
12 0 390
0 153 17219
153 0 17219
0 51 40467
51 0 40467
0 11 12486
11 0 12486
0 169 36287
169 0 36287
0 177 41945
177 0 41945
0 79 20380
79 0 20380
0 129 9789
129 0 9789
0 80 33335
80 0 33335
0 68 25082
68 0 25082
0 188 34961
188 0 34961
0 27 12589
27 0 12589
0 194 14204
194 0 14204
0 143 38366
143 0 38366
0 22 8075
22 0 8075
0 17 10224
17 0 10224
0 66 17251
66 0 17251
0 130 30792
130 0 30792
0 184 23317
184 0 23317
0 70 36596
70 0 36596
0 47 6859
47 0 6859
0 100 24821
100 0 24821
0 166 4017
166 0 4017
0 52 37176
52 0 37176
0 2 8530
2 0 8530
0 48 21010
48 0 21010
0 198 7529
198 0 7529
0 180 7063
180 0 7063
0 116 41606
116 0 41606
0 112 34991
112 0 34991
0 132 41791
132 0 41791
0 72 7624
72 0 7624
0 195 33592
195 0 33592
0 74 2448
74 0 2448
0 149 32369
149 0 32369
0 75 17512
75 0 17512
0 25 34578
25 0 34578
0 81 31157
81 0 31157
0 9 42831
9 0 42831
0 65 6188
65 0 6188
0 118 39056
118 0 39056
0 26 11554
26 0 11554
0 44 1188
44 0 1188
0 182 34367
182 0 34367
0 73 20376
73 0 20376
0 133 44353
133 0 44353
0 147 36455
147 0 36455
0 39 4965
39 0 4965
0 137 31913
137 0 31913
0 84 26522
84 0 26522
0 37 32647
37 0 32647
0 115 7928
115 0 7928
0 10 1389
10 0 1389
0 152 4960
152 0 4960
0 109 23667
109 0 23667
0 190 11376
190 0 11376
0 91 7805
91 0 7805
0 125 16035
125 0 16035
0 20 35334
20 0 35334
0 134 15827
134 0 15827
0 158 16025
158 0 16025
0 56 724
56 0 724
0 151 6123
151 0 6123
0 93 10860
93 0 10860
0 1 10551
1 0 10551
0 196 40978
196 0 40978
0 111 34230
111 0 34230
0 58 40531
58 0 40531
0 59 26801
59 0 26801
0 94 8458
94 0 8458
0 87 44205
87 0 44205
0 43 5404
43 0 5404
0 131 40378
131 0 40378
0 119 28844
119 0 28844
0 60 4297
60 0 4297
0 21 35317
21 0 35317
0 49 11380
49 0 11380
0 32 18515
32 0 18515
0 6 23582
6 0 23582
0 127 43085
127 0 43085
0 34 44400
34 0 44400
0 172 31298
172 0 31298
0 122 17258
122 0 17258
0 8 24321
8 0 24321
0 174 18371
174 0 18371
0 183 34763
183 0 34763
0 30 5823
30 0 5823
0 181 25111
181 0 25111
0 5 33671
5 0 33671
0 104 6293
104 0 6293
0 103 35520
103 0 35520
0 61 20834
61 0 20834
0 179 36237
179 0 36237
0 36 4218
36 0 4218
0 62 34717
62 0 34717
0 144 33647
144 0 33647
0 19 27391
19 0 27391
0 142 14409
142 0 14409
0 76 11573
76 0 11573
0 71 19268
71 0 19268
0 55 33684
55 0 33684
0 53 23250
53 0 23250
0 128 3079
128 0 3079
0 162 343
162 0 343
0 99 17602
99 0 17602
0 199 37040
199 0 37040
1 164 2192
164 1 2192
1 56 18021
56 1 18021
1 76 1082
76 1 1082
1 37 38470
37 1 38470
1 99 28775
99 1 28775
1 122 44717
122 1 44717
1 149 27512
149 1 27512
1 42 5708
42 1 5708
1 25 17081
25 1 17081
1 30 115
30 1 115
1 62 1703
62 1 1703
1 197 9736
197 1 9736
1 141 31571
141 1 31571
1 171 43639
171 1 43639
1 181 33380
181 1 33380
1 6 935
6 1 935
1 92 37532
92 1 37532
1 140 15467
140 1 15467
1 168 14600
168 1 14600
1 78 2860
78 1 2860
1 39 3662
39 1 3662
1 138 28052
138 1 28052
1 79 17870
79 1 17870
1 136 39082
136 1 39082
1 15 12397
15 1 12397
1 139 40926
139 1 40926
1 185 16350
185 1 16350
1 85 40126
85 1 40126
1 106 4919
106 1 4919
1 137 7969
137 1 7969
1 189 40836
189 1 40836
1 184 41649
184 1 41649
1 50 2910
50 1 2910
1 192 27633
192 1 27633
1 11 2735
11 1 2735
1 129 36147
129 1 36147
1 151 16007
151 1 16007
1 28 24215
28 1 24215
1 196 10285
196 1 10285
1 35 3279
35 1 3279
1 183 29488
183 1 29488
1 20 13522
20 1 13522
1 121 37070
121 1 37070
1 55 34492
55 1 34492
1 103 13766
103 1 13766
1 73 18588
73 1 18588
1 90 29381
90 1 29381
1 83 15196
83 1 15196
1 105 4421
105 1 4421
1 38 1608
38 1 1608
1 23 24034
23 1 24034
1 33 40209
33 1 40209
1 87 28219
87 1 28219
1 175 32438
175 1 32438
1 7 26582
7 1 26582
1 172 39471
172 1 39471
1 88 31153
88 1 31153
1 166 43398
166 1 43398
1 80 24852
80 1 24852
1 107 40780
107 1 40780
1 32 1399
32 1 1399
1 54 17246
54 1 17246
1 119 40526
119 1 40526
1 158 17144
158 1 17144
1 46 29966
46 1 29966
1 104 40832
104 1 40832
1 167 7755
167 1 7755
1 31 4012
31 1 4012
1 157 22076
157 1 22076
1 45 9777
45 1 9777
1 72 40215
72 1 40215
1 118 7577
118 1 7577
1 187 16045
187 1 16045
1 153 31219
153 1 31219
1 173 34372
173 1 34372
1 86 2140
86 1 2140
1 132 12133
132 1 12133
1 67 26821
67 1 26821
1 5 8084
5 1 8084
1 4 14783
4 1 14783
1 177 34017
177 1 34017
1 113 40171
113 1 40171
1 110 7840
110 1 7840
1 68 1199
68 1 1199
1 165 33088
165 1 33088
1 96 6432
96 1 6432
1 160 23088
160 1 23088
1 84 3093
84 1 3093
1 97 30121
97 1 30121
1 101 2067
101 1 2067
1 19 35795
19 1 35795
1 61 29470
61 1 29470
1 144 37695
144 1 37695
1 70 26866
70 1 26866
1 135 32652
135 1 32652
1 59 31204
59 1 31204
1 124 1090
124 1 1090
1 162 35050
162 1 35050
1 48 41006
48 1 41006
1 114 15921
114 1 15921
1 13 18897
13 1 18897
1 180 39690
180 1 39690
1 49 14425
49 1 14425
1 98 14065
98 1 14065
1 115 26559
115 1 26559
1 186 24072
186 1 24072
1 51 15094
51 1 15094
1 142 38353
142 1 38353
1 58 32693
58 1 32693
1 64 38037
64 1 38037
1 163 1752
163 1 1752
1 81 1381
81 1 1381
1 131 29655
131 1 29655
1 57 36789
57 1 36789
1 133 25662
133 1 25662
1 182 19790
182 1 19790
1 29 11541
29 1 11541
1 179 8778
179 1 8778
1 109 34074
109 1 34074
1 94 13311
94 1 13311
1 47 20354
47 1 20354
1 191 32682
191 1 32682
1 26 43087
26 1 43087
1 36 786
36 1 786
1 148 6604
148 1 6604
1 8 13640
8 1 13640
1 178 15916
178 1 15916
1 41 26704
41 1 26704
1 43 4723
43 1 4723
1 116 19926
116 1 19926
1 40 38661
40 1 38661
1 34 24708
34 1 24708
1 154 43698
154 1 43698
1 111 27362
111 1 27362
1 161 8480
161 1 8480
1 195 35025
195 1 35025
1 14 27971
14 1 27971
1 44 2719
44 1 2719
1 91 15724
91 1 15724
1 22 38317
22 1 38317
1 112 2477
112 1 2477
1 117 44564
117 1 44564
1 125 12051
125 1 12051
1 95 36540
95 1 36540
1 147 44378
147 1 44378
1 16 39750
16 1 39750
1 9 39027
9 1 39027
1 77 34742
77 1 34742
1 71 35988
71 1 35988
1 17 40848
17 1 40848
2 152 7088
152 2 7088
2 49 3944
49 2 3944
2 117 4583
117 2 4583
2 99 19866
99 2 19866
2 141 43895
141 2 43895
2 82 10215
82 2 10215
2 171 9284
171 2 9284
2 24 17062
24 2 17062
2 127 23881
127 2 23881
2 10 42410
10 2 42410
2 42 36000
42 2 36000
2 172 2120
172 2 2120
2 193 14193
193 2 14193
2 48 38074
48 2 38074
2 123 12313
123 2 12313
2 186 4998
186 2 4998
2 138 14753
138 2 14753
2 136 1630
136 2 1630
2 143 23060
143 2 23060
2 94 13225
94 2 13225
2 198 43111
198 2 43111
2 87 16924
87 2 16924
2 151 29535
151 2 29535
2 120 28462
120 2 28462
2 163 13614
163 2 13614
2 106 19752
106 2 19752
2 95 19537
95 2 19537
2 59 6590
59 2 6590
2 184 11087
184 2 11087
2 124 7249
124 2 7249
2 18 17394
18 2 17394
2 88 35628
88 2 35628
2 29 26925
29 2 26925
2 118 22354
118 2 22354
2 105 10424
105 2 10424
2 20 11629
20 2 11629
2 13 1230
13 2 1230
2 128 37061
128 2 37061
2 129 7711
129 2 7711
2 142 27470
142 2 27470
2 52 41117
52 2 41117
2 169 35598
169 2 35598
2 159 23946
159 2 23946
2 33 31906
33 2 31906
2 14 31617
14 2 31617
2 93 35526
93 2 35526
2 92 29716
92 2 29716
2 43 5261
43 2 5261
2 148 1563
148 2 1563
2 74 42637
74 2 42637
2 38 3695
38 2 3695
2 64 5951
64 2 5951
2 32 11256
32 2 11256
2 34 32821
34 2 32821
2 179 16516
179 2 16516
2 122 23287
122 2 23287
2 155 41594
155 2 41594
2 185 44645
185 2 44645
2 113 32053
113 2 32053
2 134 27213
134 2 27213
2 147 11991
147 2 11991
2 51 41825
51 2 41825
2 27 41473
27 2 41473
2 108 30553
108 2 30553
2 53 24227
53 2 24227
2 30 35446
30 2 35446
2 168 22058
168 2 22058
2 55 6691
55 2 6691
2 70 12494
70 2 12494
2 69 29900
69 2 29900
2 109 36776
109 2 36776
2 71 10844
71 2 10844
2 137 30010
137 2 30010
2 39 31081
39 2 31081
2 197 37072
197 2 37072
2 145 23637
145 2 23637
2 96 16654
96 2 16654
2 46 6102
46 2 6102
2 26 34923
26 2 34923
2 62 17606
62 2 17606
2 89 8830
89 2 8830
2 178 32513
178 2 32513
2 153 38990
153 2 38990
2 47 39047
47 2 39047
2 194 31639
194 2 31639
2 11 2250
11 2 2250
2 160 44528
160 2 44528
2 85 18984
85 2 18984
2 65 14859
65 2 14859
2 73 29888
73 2 29888
2 190 23571
190 2 23571
2 81 6132
81 2 6132
2 176 3251
176 2 3251
2 181 270
181 2 270
2 126 14425
126 2 14425
2 63 18754
63 2 18754
2 68 42191
68 2 42191
2 149 34935
149 2 34935
2 54 13121
54 2 13121
2 167 14962
167 2 14962
2 131 11733
131 2 11733
2 76 14204
76 2 14204
2 139 12185
139 2 12185
2 44 42158
44 2 42158
2 72 36265
72 2 36265
2 36 31295
36 2 31295
2 104 4915
104 2 4915
2 121 9599
121 2 9599
2 156 25098
156 2 25098
2 37 21479
37 2 21479
2 4 15646
4 2 15646
2 164 36361
164 2 36361
2 166 1791
166 2 1791
2 115 40316
115 2 40316
2 192 25451
192 2 25451
2 25 40042
25 2 40042
2 78 4676
78 2 4676
2 111 18
111 2 18
2 161 25441
161 2 25441
2 199 38295
199 2 38295
2 9 17586
9 2 17586
2 112 12776
112 2 12776
2 77 30988
77 2 30988
2 16 17166
16 2 17166
2 57 23550
57 2 23550
2 41 30037
41 2 30037
2 132 24764
132 2 24764
2 60 28426
60 2 28426
2 75 242
75 2 242
2 35 30939
35 2 30939
2 196 961
196 2 961
2 133 15849
133 2 15849
2 107 26895
107 2 26895
2 188 29034
188 2 29034
2 50 43355
50 2 43355
2 58 19458
58 2 19458
2 7 9209
7 2 9209
2 84 5350
84 2 5350
2 5 6770
5 2 6770
2 119 15298
119 2 15298
2 83 14808
83 2 14808
2 6 13340
6 2 13340
2 170 19849
170 2 19849
2 21 42874
21 2 42874
2 165 12558
165 2 12558
2 79 26574
79 2 26574
2 40 25575
40 2 25575
2 146 12349
146 2 12349
3 115 9515
115 3 9515
3 93 24434
93 3 24434
3 184 8265
184 3 8265
3 172 8927
172 3 8927
3 53 16563
53 3 16563
3 180 41263
180 3 41263
3 173 34828
173 3 34828
3 7 32321
7 3 32321
3 10 20897
10 3 20897
3 127 4581
127 3 4581
3 192 21552
192 3 21552
3 80 33798
80 3 33798
3 165 32082
165 3 32082
3 116 4243
116 3 4243
3 61 31111
61 3 31111
3 98 37121
98 3 37121
3 104 2941
104 3 2941
3 81 37208
81 3 37208
3 166 1114
166 3 1114
3 105 4183
105 3 4183
3 88 27094
88 3 27094
3 94 35297
94 3 35297
3 5 1999
5 3 1999
3 73 21263
73 3 21263
3 76 40350
76 3 40350
3 34 7323
34 3 7323
3 183 27189
183 3 27189
3 117 15649
117 3 15649
3 120 7047
120 3 7047
3 54 19400
54 3 19400
3 69 71
69 3 71
3 45 36468
45 3 36468
3 152 32012
152 3 32012
3 190 32003
190 3 32003
3 39 39962
39 3 39962
3 137 20828
137 3 20828
3 6 7287
6 3 7287
3 85 9381
85 3 9381
3 26 36452
26 3 36452
3 9 24534
9 3 24534
3 107 38447
107 3 38447
3 70 3389
70 3 3389
3 140 12540
140 3 12540
3 38 14287
38 3 14287
3 150 37168
150 3 37168
3 194 20398
194 3 20398
3 171 39578
171 3 39578
3 185 970
185 3 970
3 129 32126
129 3 32126
3 17 37195
17 3 37195
3 161 9078
161 3 9078
3 121 15748
121 3 15748
3 139 24845
139 3 24845
3 97 28584
97 3 28584
3 30 29334
30 3 29334
3 111 31112
111 3 31112
3 162 6214
162 3 6214
3 82 28423
82 3 28423
3 25 14289
25 3 14289
3 156 10251
156 3 10251
3 122 30184
122 3 30184
3 153 2855
153 3 2855
3 41 19001
41 3 19001
3 164 13827
164 3 13827
3 157 7268
157 3 7268
3 106 33859
106 3 33859
3 159 40855
159 3 40855
3 142 12331
142 3 12331
3 35 28191
35 3 28191
3 27 5864
27 3 5864
3 66 30914
66 3 30914
3 43 43407
43 3 43407
3 58 38062
58 3 38062
3 11 44629
11 3 44629
3 177 15048
177 3 15048
3 22 33794
22 3 33794
3 110 13169
110 3 13169
3 187 17777
187 3 17777
3 13 546
13 3 546
3 52 20717
52 3 20717
3 37 44419
37 3 44419
3 133 1869
133 3 1869
3 29 3744
29 3 3744
3 68 31783
68 3 31783
3 90 39451
90 3 39451
3 56 27510
56 3 27510
3 169 23
169 3 23
3 181 26702
181 3 26702
3 14 29338
14 3 29338
3 130 39976
130 3 39976
3 195 9420
195 3 9420
3 96 38840
96 3 38840
3 50 39002
50 3 39002
3 175 2903
175 3 2903
3 99 17363
99 3 17363
3 155 24397
155 3 24397
3 145 32424
145 3 32424
3 176 27058
176 3 27058
3 84 41454
84 3 41454
3 163 11057
163 3 11057
3 65 8119
65 3 8119
3 33 29851
33 3 29851
3 146 36344
146 3 36344
3 158 13224
158 3 13224
3 74 29600
74 3 29600
3 154 15363
154 3 15363
3 4 9884
4 3 9884
3 108 11947
108 3 11947
3 71 2944
71 3 2944
3 55 6063
55 3 6063
3 87 13349
87 3 13349
3 148 8951
148 3 8951
3 36 8850
36 3 8850
3 31 8974
31 3 8974
3 92 30443
92 3 30443
3 21 35962
21 3 35962
3 42 19414
42 3 19414
3 197 37361
197 3 37361
3 124 25365
124 3 25365
3 128 1968
128 3 1968
3 47 22582
47 3 22582
3 151 7725
151 3 7725
3 16 18579
16 3 18579
3 63 17569
63 3 17569
3 24 18200
24 3 18200
3 51 6536
51 3 6536
3 149 5270
149 3 5270
3 48 30814
48 3 30814
3 114 947
114 3 947
3 109 6993
109 3 6993
3 147 41799
147 3 41799
3 179 11544
179 3 11544
3 193 41499
193 3 41499
3 168 9806
168 3 9806
3 40 17738
40 3 17738
3 125 18109
125 3 18109
3 75 11022
75 3 11022
3 46 810
46 3 810
4 190 26575
190 4 26575
4 156 7640
156 4 7640
4 7 37732
7 4 37732
4 103 24015
103 4 24015
4 193 20504
193 4 20504
4 38 31598
38 4 31598
4 95 43095
95 4 43095
4 147 12306
147 4 12306
4 136 29955
136 4 29955
4 160 33870
160 4 33870
4 162 3326
162 4 3326
4 34 27414
34 4 27414
4 71 37726
71 4 37726
4 173 2194
173 4 2194
4 118 11834
118 4 11834
4 73 160
73 4 160
4 172 13067
172 4 13067
4 20 24402
20 4 24402
4 80 38320
80 4 38320
4 107 35473
107 4 35473
4 131 6805
131 4 6805
4 186 4140
186 4 4140
4 161 470
161 4 470
4 88 5557
88 4 5557
4 180 23514
180 4 23514
4 110 10673
110 4 10673
4 152 41250
152 4 41250
4 90 1967
90 4 1967
4 51 26981
51 4 26981
4 37 15011
37 4 15011
4 198 235
198 4 235
4 49 10136
49 4 10136
4 36 871
36 4 871
4 167 20108
167 4 20108
4 117 38832
117 4 38832
4 67 41250
67 4 41250
4 106 13279
106 4 13279
4 21 31623
21 4 31623
4 148 10077
148 4 10077
4 177 7598
177 4 7598
4 19 15725
19 4 15725
4 139 1328
139 4 1328
4 6 32558
6 4 32558
4 78 35453
78 4 35453
4 153 3263
153 4 3263
4 64 18124
64 4 18124
4 70 13423
70 4 13423
4 128 38777
128 4 38777
4 174 31510
174 4 31510
4 18 521
18 4 521
4 5 5862
5 4 5862
4 27 13356
27 4 13356
4 26 20602
26 4 20602
4 39 35949
39 4 35949
4 17 34715
17 4 34715
4 85 31069
85 4 31069
4 87 24101
87 4 24101
4 14 8917
14 4 8917
4 157 4057
157 4 4057
4 163 32803
163 4 32803
4 102 23199
102 4 23199
4 61 23834
61 4 23834
4 132 22545
132 4 22545
4 46 10810
46 4 10810
4 43 19826
43 4 19826
4 50 17676
50 4 17676
4 72 43960
72 4 43960
4 154 6981
154 4 6981
4 13 3601
13 4 3601
4 86 14297
86 4 14297
4 116 40952
116 4 40952
4 81 31263
81 4 31263
4 82 2711
82 4 2711
4 151 19759
151 4 19759
4 165 27308
165 4 27308
4 69 40459
69 4 40459
4 121 35440
121 4 35440
4 79 3025
79 4 3025
4 188 10657
188 4 10657
4 141 16358
141 4 16358
4 11 36525
11 4 36525
4 175 28580
175 4 28580
4 52 32182
52 4 32182
4 54 33618
54 4 33618
4 89 1463
89 4 1463
4 176 36896
176 4 36896
4 168 21264
168 4 21264
4 9 9334
9 4 9334
4 63 4920
63 4 4920
4 120 37253
120 4 37253
4 111 27282
111 4 27282
4 189 6321
189 4 6321
4 29 44121
29 4 44121
4 146 19760
146 4 19760
4 40 9593
40 4 9593
4 124 81
124 4 81
4 109 36207
109 4 36207
4 12 5432
12 4 5432
4 24 15449
24 4 15449
4 25 43653
25 4 43653
4 30 23259
30 4 23259
4 181 34512
181 4 34512
4 44 39148
44 4 39148
4 55 44423
55 4 44423
4 119 41492
119 4 41492
4 41 15365
41 4 15365
4 197 35945
197 4 35945
4 192 36377
192 4 36377
4 149 13656
149 4 13656
4 112 4248
112 4 4248
4 60 37424
60 4 37424
4 185 31472
185 4 31472
4 56 22932
56 4 22932
4 183 8309
183 4 8309
4 83 9418
83 4 9418
4 122 5433
122 4 5433
4 99 43559
99 4 43559
4 15 26306
15 4 26306
4 191 22400
191 4 22400
4 62 14104
62 4 14104
4 179 12324
179 4 12324
4 28 19623
28 4 19623
4 101 40121
101 4 40121
4 133 39533
133 4 39533
4 47 87
47 4 87
4 105 30629
105 4 30629
4 127 42454
127 4 42454
4 150 16953
150 4 16953
4 97 24845
97 4 24845
4 84 1304
84 4 1304
4 155 35788
155 4 35788
4 123 23140
123 4 23140
4 66 16895
66 4 16895
4 65 15547
65 4 15547
4 92 29007
92 4 29007
4 182 30016
182 4 30016
4 125 24231
125 4 24231
4 142 31695
142 4 31695
4 166 16958
166 4 16958
4 57 20972
57 4 20972
4 184 26259
184 4 26259
5 80 2298
80 5 2298
5 127 10150
127 5 10150
5 74 40877
74 5 40877
5 69 14660
69 5 14660
5 37 44400
37 5 44400
5 61 18505
61 5 18505
5 111 25528
111 5 25528
5 193 7772
193 5 7772
5 52 30729
52 5 30729
5 117 8079
117 5 8079
5 146 8169
146 5 8169
5 110 14131
110 5 14131
5 17 2221
17 5 2221
5 195 44012
195 5 44012
5 151 3759
151 5 3759
5 94 17187
94 5 17187
5 48 24418
48 5 24418
5 8 18354
8 5 18354
5 14 831
14 5 831
5 39 20198
39 5 20198
5 49 22407
49 5 22407
5 38 15073
38 5 15073
5 53 20086
53 5 20086
5 141 38174
141 5 38174
5 137 29813
137 5 29813
5 145 15143
145 5 15143
5 167 34551
167 5 34551
5 178 32009
178 5 32009
5 89 33647
89 5 33647
5 24 31723
24 5 31723
5 159 32883
159 5 32883
5 106 16473
106 5 16473
5 104 15934
104 5 15934
5 12 35549
12 5 35549
5 160 38414
160 5 38414
5 15 21491
15 5 21491
5 176 37633
176 5 37633
5 92 20870
92 5 20870
5 26 3109
26 5 3109
5 21 27317
21 5 27317
5 6 21295
6 5 21295
5 114 43235
114 5 43235
5 66 19258
66 5 19258
5 144 41308
144 5 41308
5 130 5148
130 5 5148
5 150 16917
150 5 16917
5 188 39975
188 5 39975
5 191 1289
191 5 1289
5 93 41424
93 5 41424
5 41 31614
41 5 31614
5 99 6169
99 5 6169
5 13 32775
13 5 32775
5 81 31218
81 5 31218
5 103 24000
103 5 24000
5 161 30648
161 5 30648
5 190 33673
190 5 33673
5 87 44554
87 5 44554
5 75 33561
75 5 33561
5 165 43968
165 5 43968
5 198 34566
198 5 34566
5 71 31711
71 5 31711
5 139 12300
139 5 12300
5 108 40019
108 5 40019
5 158 13437
158 5 13437
5 149 26548
149 5 26548
5 73 18139
73 5 18139
5 196 15365
196 5 15365
5 185 30801
185 5 30801
5 120 26855
120 5 26855
5 62 40739
62 5 40739
5 183 22368
183 5 22368
5 19 14534
19 5 14534
5 68 2711
68 5 2711
5 116 19008
116 5 19008
5 177 36396
177 5 36396
5 147 38126
147 5 38126
5 25 354
25 5 354
5 32 16288
32 5 16288
5 171 27367
171 5 27367
5 101 15436
101 5 15436
5 44 21725
44 5 21725
5 36 44625
36 5 44625
5 181 37696
181 5 37696
5 102 21288
102 5 21288
5 70 7406
70 5 7406
5 152 5912
152 5 5912
5 64 18333
64 5 18333
5 35 26289
35 5 26289
5 23 35552
23 5 35552
5 179 5039
179 5 5039
5 135 35688
135 5 35688
5 55 34638
55 5 34638
5 79 37901
79 5 37901
5 33 4534
33 5 4534
5 59 9484
59 5 9484
5 20 38214
20 5 38214
5 83 10878
83 5 10878
5 184 12306
184 5 12306
5 84 22656
84 5 22656
5 123 29565
123 5 29565
5 124 18499
124 5 18499
5 22 40600
22 5 40600
5 192 40684
192 5 40684
5 27 4451
27 5 4451
5 29 12992
29 5 12992
5 168 4682
168 5 4682
5 77 41569
77 5 41569
5 31 31495
31 5 31495
5 122 35614
122 5 35614
5 182 16397
182 5 16397
5 50 44627
50 5 44627
5 194 32307
194 5 32307
5 109 7628
109 5 7628
5 175 10019
175 5 10019
5 173 22023
173 5 22023
5 78 19457
78 5 19457
5 129 33740
129 5 33740
5 98 6827
98 5 6827
5 189 28786
189 5 28786
5 172 26929
172 5 26929
5 76 19632
76 5 19632
5 170 13444
170 5 13444
5 162 40588
162 5 40588
5 28 8935
28 5 8935
5 9 21588
9 5 21588
5 153 37385
153 5 37385
5 155 22864
155 5 22864
5 140 21875
140 5 21875
5 148 40945
148 5 40945
5 131 19914
131 5 19914
5 46 13239
46 5 13239
5 166 15779
166 5 15779
5 138 44207
138 5 44207
5 10 2957
10 5 2957
5 105 2460
105 5 2460
5 40 42308
40 5 42308
5 163 27880
163 5 27880
5 65 15566
65 5 15566
5 186 27805
186 5 27805
5 85 1000
85 5 1000
5 156 16623
156 5 16623
5 187 13718
187 5 13718
5 60 3284
60 5 3284
5 54 42137
54 5 42137
5 142 446
142 5 446
5 43 29571
43 5 29571
5 121 26628
121 5 26628
5 7 28763
7 5 28763
5 91 41704
91 5 41704
5 45 22790
45 5 22790
5 118 43452
118 5 43452
5 72 21907
72 5 21907
6 66 25784
66 6 25784
6 190 25117
190 6 25117
6 74 4403
74 6 4403
6 150 16404
150 6 16404
6 98 13789
98 6 13789
6 17 25836
17 6 25836
6 27 9917
27 6 9917
6 188 28840
188 6 28840
6 30 30552
30 6 30552
6 40 31923
40 6 31923
6 156 38523
156 6 38523
6 13 33227
13 6 33227
6 58 39163
58 6 39163
6 79 26858
79 6 26858
6 25 40009
25 6 40009
6 76 20909
76 6 20909
6 90 32233
90 6 32233
6 10 42334
10 6 42334
6 35 39979
35 6 39979
6 134 37724
134 6 37724
6 39 28702
39 6 28702
6 89 15552
89 6 15552
6 92 6472
92 6 6472
6 145 25765
145 6 25765
6 152 10825
152 6 10825
6 118 6203
118 6 6203
6 57 2607
57 6 2607
6 16 15581
16 6 15581
6 87 39780
87 6 39780
6 83 38725
83 6 38725
6 181 16759
181 6 16759
6 100 2641
100 6 2641
6 38 40404
38 6 40404
6 172 33999
172 6 33999
6 149 12719
149 6 12719
6 133 36754
133 6 36754
6 9 16429
9 6 16429
6 113 44765
113 6 44765
6 112 19144
112 6 19144
6 169 2401
169 6 2401
6 15 16750
15 6 16750
6 77 20361
77 6 20361
6 22 10317
22 6 10317
6 84 36370
84 6 36370
6 196 1816
196 6 1816
6 18 9897
18 6 9897
6 75 14514
75 6 14514
6 43 9953
43 6 9953
6 195 25424
195 6 25424
6 191 7429
191 6 7429
6 193 16393
193 6 16393
6 94 10766
94 6 10766
6 70 10750
70 6 10750
6 80 17052
80 6 17052
6 138 38911
138 6 38911
6 142 43964
142 6 43964
6 44 13035
44 6 13035
6 187 854
187 6 854
6 11 10449
11 6 10449
6 189 31656
189 6 31656
6 60 27087
60 6 27087
6 62 11841
62 6 11841
6 24 7278
24 6 7278
6 82 9319
82 6 9319
6 7 19410
7 6 19410
6 132 8413
132 6 8413
6 93 16597
93 6 16597
6 199 8432
199 6 8432
6 69 36029
69 6 36029
6 103 19843
103 6 19843
6 104 3871
104 6 3871
6 106 43158
106 6 43158
6 67 22885
67 6 22885
6 61 13558
61 6 13558
6 168 32008
168 6 32008
6 73 13391
73 6 13391
6 164 43762
164 6 43762
6 111 25255
111 6 25255
6 139 14172
139 6 14172
6 21 14709
21 6 14709
6 173 11109
173 6 11109
6 96 20260
96 6 20260
6 159 39385
159 6 39385
6 101 29102
101 6 29102
6 165 44086
165 6 44086
6 120 30620
120 6 30620
6 174 23404
174 6 23404
6 36 15334
36 6 15334
6 109 41551
109 6 41551
6 107 28472
107 6 28472
6 177 27010
177 6 27010
6 29 15534
29 6 15534
6 51 5550
51 6 5550
6 48 4546
48 6 4546
6 147 803
147 6 803
6 180 21873
180 6 21873
6 125 11227
125 6 11227
6 158 24128
158 6 24128
6 102 18481
102 6 18481
6 178 18040
178 6 18040
6 197 3085
197 6 3085
6 119 26078
119 6 26078
6 32 2204
32 6 2204
6 123 30166
123 6 30166
6 116 6942
116 6 6942
6 23 40155
23 6 40155
6 50 11307
50 6 11307
6 97 25563
97 6 25563
6 157 6277
157 6 6277
6 52 43066
52 6 43066
6 49 480
49 6 480
6 140 4381
140 6 4381
6 65 25206
65 6 25206
6 155 2813
155 6 2813
6 161 35444
161 6 35444
6 153 44450
153 6 44450
6 162 5290
162 6 5290
6 117 31651
117 6 31651
6 151 26078
151 6 26078
6 192 11053
192 6 11053
6 78 27774
78 6 27774
6 130 27318
130 6 27318
6 110 19930
110 6 19930
6 88 20681
88 6 20681
6 194 12614
194 6 12614
6 46 18299
46 6 18299
6 124 5378
124 6 5378
6 41 10303
41 6 10303
6 127 44694
127 6 44694
6 31 7458
31 6 7458
6 126 19694
126 6 19694
6 121 42284
121 6 42284
6 34 4330
34 6 4330
6 56 30163
56 6 30163
6 59 530
59 6 530
6 185 22072
185 6 22072
6 72 13334
72 6 13334
7 10 41187
10 7 41187
7 155 42519
155 7 42519
7 145 6680
145 7 6680
7 54 30856
54 7 30856
7 108 18280
108 7 18280
7 63 23506
63 7 23506
7 130 3022
130 7 3022
7 8 2548
8 7 2548
7 158 27610
158 7 27610
7 152 22406
152 7 22406
7 41 15092
41 7 15092
7 105 36480
105 7 36480
7 80 26554
80 7 26554
7 15 49
15 7 49
7 35 23953
35 7 23953
7 20 16394
20 7 16394
7 84 33061
84 7 33061
7 168 22522
168 7 22522
7 180 24086
180 7 24086
7 171 29704
171 7 29704
7 50 23795
50 7 23795
7 37 15552
37 7 15552
7 89 2865
89 7 2865
7 55 10958
55 7 10958
7 124 23744
124 7 23744
7 97 40079
97 7 40079
7 134 26406
134 7 26406
7 22 33495
22 7 33495
7 19 39436
19 7 39436
7 88 40796
88 7 40796
7 179 42054
179 7 42054
7 14 44426
14 7 44426
7 42 35626
42 7 35626
7 24 34862
24 7 34862
7 16 19754
16 7 19754
7 51 43046
51 7 43046
7 23 16339
23 7 16339
7 31 9464
31 7 9464
7 140 31489
140 7 31489
7 74 43481
74 7 43481
7 56 37818
56 7 37818
7 72 764
72 7 764
7 27 12488
27 7 12488
7 65 8661
65 7 8661
7 146 30318
146 7 30318
7 46 36286
46 7 36286
7 175 27321
175 7 27321
7 198 27230
198 7 27230
7 76 17024
76 7 17024
7 103 33962
103 7 33962
7 116 22516
116 7 22516
7 38 34589
38 7 34589
7 115 33032
115 7 33032
7 174 16204
174 7 16204
7 193 28474
193 7 28474
7 11 12165
11 7 12165
7 83 19515
83 7 19515
7 47 1361
47 7 1361
7 34 36137
34 7 36137
7 93 25622
93 7 25622
7 101 6204
101 7 6204
7 58 34005
58 7 34005
7 164 31402
164 7 31402
7 177 27485
177 7 27485
7 40 20482
40 7 20482
7 141 19541
141 7 19541
7 106 4133
106 7 4133
7 154 43681
154 7 43681
7 194 27458
194 7 27458
7 185 37600
185 7 37600
7 26 34507
26 7 34507
7 79 28710
79 7 28710
7 147 33974
147 7 33974
7 32 37289
32 7 37289
7 69 40506
69 7 40506
7 181 40118
181 7 40118
7 192 16964
192 7 16964
7 151 22932
151 7 22932
7 125 8527
125 7 8527
7 75 22578
75 7 22578
7 18 24452
18 7 24452
7 77 19003
77 7 19003
7 67 11185
67 7 11185
7 59 3401
59 7 3401
7 13 13126
13 7 13126
7 111 26799
111 7 26799
7 60 42928
60 7 42928
7 142 6638
142 7 6638
7 191 3886
191 7 3886
7 138 2747
138 7 2747
7 33 39717
33 7 39717
7 184 32192
184 7 32192
7 169 28838
169 7 28838
7 49 25505
49 7 25505
7 112 27094
112 7 27094
7 91 14549
91 7 14549
7 170 13801
170 7 13801
7 71 8129
71 7 8129
7 187 40496
187 7 40496
7 121 9564
121 7 9564
7 183 41283
183 7 41283
7 129 1629
129 7 1629
7 102 20335
102 7 20335
7 172 28054
172 7 28054
7 126 10424
126 7 10424
7 52 30284
52 7 30284
7 87 34973
87 7 34973
7 178 1999
178 7 1999
7 109 42226
109 7 42226
7 78 27009
78 7 27009
7 161 23075
161 7 23075
7 45 24623
45 7 24623
7 127 36679
127 7 36679
7 196 41684
196 7 41684
7 135 33036
135 7 33036
7 81 5891
81 7 5891
7 144 2348
144 7 2348
7 43 34455
43 7 34455
7 99 27139
99 7 27139
7 94 9062
94 7 9062
7 167 26331
167 7 26331
7 53 38715
53 7 38715
7 173 3732
173 7 3732
7 156 17721
156 7 17721
7 150 4133
150 7 4133
7 39 21825
39 7 21825
7 100 25955
100 7 25955
7 28 16488
28 7 16488
7 48 43938
48 7 43938
7 113 18619
113 7 18619
7 128 30384
128 7 30384
7 148 33436
148 7 33436
7 90 3074
90 7 3074
7 159 23739
159 7 23739
7 139 28701
139 7 28701
7 189 6522
189 7 6522
7 64 12403
64 7 12403
7 186 851
186 7 851
7 25 14742
25 7 14742
7 190 26616
190 7 26616
8 160 5761
160 8 5761
8 113 9787
113 8 9787
8 151 24074
151 8 24074
8 159 23184
159 8 23184
8 35 36513
35 8 36513
8 98 35771
98 8 35771
8 39 12768
39 8 12768
8 156 43053
156 8 43053
8 33 16685
33 8 16685
8 103 4331
103 8 4331
8 145 41453
145 8 41453
8 45 3090
45 8 3090
8 95 31593
95 8 31593
8 20 28309
20 8 28309
8 36 21512
36 8 21512
8 161 30291
161 8 30291
8 23 14985
23 8 14985
8 32 41774
32 8 41774
8 21 21558
21 8 21558
8 50 13553
50 8 13553
8 163 12908
163 8 12908
8 188 35508
188 8 35508
8 180 42730
180 8 42730
8 16 44150
16 8 44150
8 46 8759
46 8 8759
8 58 40616
58 8 40616
8 124 16753
124 8 16753
8 178 7815
178 8 7815
8 42 20069
42 8 20069
8 198 15171
198 8 15171
8 22 9166
22 8 9166
8 53 37864
53 8 37864
8 129 20525
129 8 20525
8 97 30928
97 8 30928
8 182 33180
182 8 33180
8 134 2311
134 8 2311
8 83 37083
83 8 37083
8 9 3364
9 8 3364
8 189 8482
189 8 8482
8 155 15888
155 8 15888
8 171 136
171 8 136
8 154 34369
154 8 34369
8 168 22428
168 8 22428
8 31 15075
31 8 15075
8 105 14432
105 8 14432
8 76 15704
76 8 15704
8 179 9364
179 8 9364
8 197 4646
197 8 4646
8 177 36842
177 8 36842
8 41 24215
41 8 24215
8 77 37814
77 8 37814
8 55 13100
55 8 13100
8 74 28014
74 8 28014
8 150 20734
150 8 20734
8 82 23519
82 8 23519
8 169 20042
169 8 20042
8 137 1983
137 8 1983
8 87 36082
87 8 36082
8 59 17291
59 8 17291
8 126 26826
126 8 26826
8 157 13951
157 8 13951
8 79 14178
79 8 14178
8 132 21392
132 8 21392
8 127 3956
127 8 3956
8 170 18937
170 8 18937
8 17 4849
17 8 4849
8 10 7719
10 8 7719
8 104 5747
104 8 5747
8 12 1365
12 8 1365
8 27 22050
27 8 22050
8 90 7576
90 8 7576
8 116 20681
116 8 20681
8 139 25848
139 8 25848
8 38 34000
38 8 34000
8 25 16173
25 8 16173
8 18 31645
18 8 31645
8 144 9113
144 8 9113
8 143 15202
143 8 15202
8 190 10063
190 8 10063
8 106 36352
106 8 36352
8 37 15199
37 8 15199
8 89 4551
89 8 4551
8 130 36348
130 8 36348
8 93 17919
93 8 17919
8 175 16653
175 8 16653
8 44 41661
44 8 41661
8 72 19671
72 8 19671
8 199 12968
199 8 12968
8 19 26253
19 8 26253
8 29 25807
29 8 25807
8 85 9864
85 8 9864
8 99 39452
99 8 39452
8 100 18854
100 8 18854
8 187 13960
187 8 13960
8 194 33730
194 8 33730
8 14 36074
14 8 36074
8 64 24076
64 8 24076
8 112 16516
112 8 16516
8 133 1098
133 8 1098
8 110 1609
110 8 1609
8 172 17116
172 8 17116
8 148 17957
148 8 17957
8 67 37657
67 8 37657
8 43 26864
43 8 26864
8 118 10939
118 8 10939
8 92 23037
92 8 23037
8 81 9102
81 8 9102
8 66 13639
66 8 13639
8 195 32398
195 8 32398
8 73 30781
73 8 30781
8 49 30250
49 8 30250
8 131 42550
131 8 42550
8 167 42411
167 8 42411
8 75 10362
75 8 10362
8 56 19329
56 8 19329
8 146 2372
146 8 2372
8 54 38092
54 8 38092
8 149 42621
149 8 42621
8 147 20304
147 8 20304
8 114 20300
114 8 20300
8 13 13136
13 8 13136
8 40 27805
40 8 27805
8 84 30371
84 8 30371
8 173 18601
173 8 18601
8 185 8416
185 8 8416
8 52 14925
52 8 14925
8 51 11268
51 8 11268
8 138 16976
138 8 16976
8 181 9399
181 8 9399
8 65 10491
65 8 10491
8 122 42312
122 8 42312
8 166 36537
166 8 36537
8 80 13174
80 8 13174
8 174 42217
174 8 42217
8 128 32197
128 8 32197
8 107 36395
107 8 36395
8 121 33037
121 8 33037
8 164 2574
164 8 2574
8 15 25254
15 8 25254
8 193 42560
193 8 42560
8 70 21735
70 8 21735
8 119 27803
119 8 27803
8 34 9372
34 8 9372
8 71 39338
71 8 39338
8 94 22566
94 8 22566
9 28 8849
28 9 8849
9 37 22937
37 9 22937
9 143 36576
143 9 36576
9 191 28325
191 9 28325
9 137 41779
137 9 41779
9 154 24207
154 9 24207
9 129 20233
129 9 20233
9 121 18764
121 9 18764
9 43 9063
43 9 9063
9 41 38505
41 9 38505
9 100 8250
100 9 8250
9 58 15481
58 9 15481
9 186 28770
186 9 28770
9 18 9386
18 9 9386
9 133 23087
133 9 23087
9 22 39055
22 9 39055
9 185 11824
185 9 11824
9 53 16017
53 9 16017
9 47 39740
47 9 39740
9 80 24382
80 9 24382
9 183 38286
183 9 38286
9 75 31994
75 9 31994
9 140 1451
140 9 1451
9 155 14647
155 9 14647
9 90 27318
90 9 27318
9 19 17109
19 9 17109
9 199 21206
199 9 21206
9 52 35635
52 9 35635
9 10 42777
10 9 42777
9 141 18083
141 9 18083
9 35 41361
35 9 41361
9 23 10993
23 9 10993
9 36 28074
36 9 28074
9 134 4675
134 9 4675
9 97 40845
97 9 40845
9 29 17862
29 9 17862
9 108 20568
108 9 20568
9 67 16029
67 9 16029
9 64 36251
64 9 36251
9 86 38117
86 9 38117
9 46 12066
46 9 12066
9 136 28805
136 9 28805
9 116 26984
116 9 26984
9 112 34086
112 9 34086
9 110 16385
110 9 16385
9 33 29329
33 9 29329
9 119 1748
119 9 1748
9 192 6203
192 9 6203
9 20 21044
20 9 21044
9 132 15020
132 9 15020
9 56 17691
56 9 17691
9 30 561
30 9 561
9 14 17407
14 9 17407
9 57 6246
57 9 6246
9 76 4046
76 9 4046
9 70 43068
70 9 43068
9 101 6535
101 9 6535
9 13 29713
13 9 29713
9 115 24958
115 9 24958
9 153 6813
153 9 6813
9 60 7488
60 9 7488
9 149 28735
149 9 28735
9 98 30272
98 9 30272
9 172 22183
172 9 22183
9 198 28616
198 9 28616
9 182 22961
182 9 22961
9 61 20779
61 9 20779
9 26 33426
26 9 33426
9 189 27430
189 9 27430
9 158 1739
158 9 1739
9 77 31224
77 9 31224
9 142 5728
142 9 5728
9 102 19895
102 9 19895
9 69 28356
69 9 28356
9 71 868
71 9 868
9 175 10221
175 9 10221
9 164 541
164 9 541
9 95 253
95 9 253
9 109 32590
109 9 32590
9 195 34720
195 9 34720
9 193 4000
193 9 4000
9 73 23731
73 9 23731
9 94 20524
94 9 20524
9 118 2684
118 9 2684
9 124 8320
124 9 8320
9 82 39317
82 9 39317
9 159 19841
159 9 19841
9 103 5704
103 9 5704
9 120 19584
120 9 19584
9 104 18157
104 9 18157
9 181 35540
181 9 35540
9 50 11600
50 9 11600
9 174 15956
174 9 15956
9 187 24420
187 9 24420
9 92 381
92 9 381
9 93 6244
93 9 6244
9 169 14064
169 9 14064
9 127 28326
127 9 28326
9 162 27945
162 9 27945
9 144 29260
144 9 29260
9 66 39979
66 9 39979
9 79 1435
79 9 1435
9 180 22804
180 9 22804
9 147 2054
147 9 2054
9 126 37573
126 9 37573
9 157 37324
157 9 37324
9 177 43383
177 9 43383
9 27 43359
27 9 43359
9 139 9563
139 9 9563
9 51 315
51 9 315
9 151 41081
151 9 41081
9 148 43691
148 9 43691
9 21 23564
21 9 23564
9 114 41557
114 9 41557
9 150 38587
150 9 38587
9 184 43270
184 9 43270
9 39 19334
39 9 19334
9 74 42432
74 9 42432
9 17 22963
17 9 22963
9 49 30265
49 9 30265
9 31 11715
31 9 11715
9 72 31278
72 9 31278
9 160 41447
160 9 41447
9 81 31474
81 9 31474
9 25 31723
25 9 31723
9 96 4940
96 9 4940
9 146 22648
146 9 22648
9 152 4963
152 9 4963
9 85 11480
85 9 11480
9 105 43739
105 9 43739
9 163 8926
163 9 8926
9 167 25185
167 9 25185
10 164 10080
164 10 10080
10 124 6480
124 10 6480
10 39 32466
39 10 32466
10 140 43918
140 10 43918
10 68 10266
68 10 10266
10 123 24933
123 10 24933
10 146 1437
146 10 1437
10 80 36465
80 10 36465
10 122 2294
122 10 2294
10 40 36097
40 10 36097
10 141 33694
141 10 33694
10 142 21285
142 10 21285
10 115 14500
115 10 14500
10 32 10268
32 10 10268
10 66 25558
66 10 25558
10 99 42134
99 10 42134
10 79 13612
79 10 13612
10 37 38760
37 10 38760
10 87 31148
87 10 31148
10 102 42998
102 10 42998
10 98 34282
98 10 34282
10 94 23695
94 10 23695
10 26 9803
26 10 9803
10 12 1519
12 10 1519
10 24 36541
24 10 36541
10 112 38641
112 10 38641
10 73 19360
73 10 19360
10 43 37161
43 10 37161
10 119 27000
119 10 27000
10 67 19283
67 10 19283
10 31 6053
31 10 6053
10 171 1427
171 10 1427
10 175 3965
175 10 3965
10 178 31597
178 10 31597
10 104 1570
104 10 1570
10 83 18057
83 10 18057
10 188 9011
188 10 9011
10 143 39979
143 10 39979
10 135 4126
135 10 4126
10 176 19164
176 10 19164
10 113 6487
113 10 6487
10 56 9063
56 10 9063
10 191 28218
191 10 28218
10 72 275
72 10 275
10 195 22079
195 10 22079
10 125 22387
125 10 22387
10 121 9485
121 10 9485
10 159 42838
159 10 42838
10 19 8164
19 10 8164
10 47 13293
47 10 13293
10 90 8182
90 10 8182
10 134 9695
134 10 9695
10 118 36595
118 10 36595
10 111 23502
111 10 23502
10 70 12385
70 10 12385
10 181 13653
181 10 13653
10 22 11816
22 10 11816
10 186 25411
186 10 25411
10 138 39456
138 10 39456
10 132 13050
132 10 13050
10 165 29050
165 10 29050
10 35 17003
35 10 17003
10 133 22980
133 10 22980
10 100 43610
100 10 43610
10 16 25948
16 10 25948
10 151 26063
151 10 26063
10 177 40595
177 10 40595
10 127 10240
127 10 10240
10 107 3354
107 10 3354
10 157 7136
157 10 7136
10 105 42094
105 10 42094
10 150 37173
150 10 37173
10 161 30373
161 10 30373
10 58 22737
58 10 22737
10 190 11012
190 10 11012
10 48 10726
48 10 10726
10 42 23479
42 10 23479
10 27 35046
27 10 35046
10 93 24744
93 10 24744
10 36 39662
36 10 39662
10 53 8429
53 10 8429
10 162 16000
162 10 16000
10 136 37226
136 10 37226
10 71 4185
71 10 4185
10 101 10708
101 10 10708
10 198 15229
198 10 15229
10 120 10760
120 10 10760
10 153 29947
153 10 29947
10 192 1866
192 10 1866
10 126 42618
126 10 42618
10 28 24111
28 10 24111
10 163 19090
163 10 19090
10 116 2493
116 10 2493
10 25 41061
25 10 41061
10 180 554
180 10 554
10 95 8143
95 10 8143
10 172 21420
172 10 21420
10 168 15342
168 10 15342
10 76 9522
76 10 9522
10 34 34064
34 10 34064
10 84 27637
84 10 27637
10 149 14946
149 10 14946
10 156 23285
156 10 23285
10 91 29147
91 10 29147
10 45 20550
45 10 20550
10 46 27723
46 10 27723
10 60 13211
60 10 13211
10 187 24541
187 10 24541
10 154 42748
154 10 42748
10 117 30306
117 10 30306
10 49 18216
49 10 18216
10 167 42024
167 10 42024
10 166 24606
166 10 24606
10 33 16483
33 10 16483
10 74 31538
74 10 31538
10 65 34268
65 10 34268
10 130 18997
130 10 18997
10 185 15142
185 10 15142
10 128 30269
128 10 30269
10 158 17970
158 10 17970
10 15 43258
15 10 43258
10 88 20641
88 10 20641
10 52 42355
52 10 42355
10 173 39091
173 10 39091
10 196 34539
196 10 34539
10 86 40935
86 10 40935
10 57 22268
57 10 22268
10 139 12565
139 10 12565
10 69 43588
69 10 43588
10 189 17244
189 10 17244
10 114 21700
114 10 21700
10 108 21931
108 10 21931
10 92 33813
92 10 33813
10 144 44518
144 10 44518
10 193 5655
193 10 5655
10 81 33329
81 10 33329
10 97 15144
97 10 15144
10 82 3860
82 10 3860
10 110 11181
110 10 11181
10 50 34515
50 10 34515
10 23 39574
23 10 39574
10 199 8841
199 10 8841
10 78 15058
78 10 15058
10 85 27201
85 10 27201
11 132 37446
132 11 37446
11 85 9742
85 11 9742
11 94 24990
94 11 24990
11 194 4589
194 11 4589
11 122 874
122 11 874
11 185 41067
185 11 41067
11 99 11966
99 11 11966
11 136 31490
136 11 31490
11 196 29313
196 11 29313
11 12 18669
12 11 18669
11 127 31825
127 11 31825
11 140 36708
140 11 36708
11 95 8729
95 11 8729
11 162 43906
162 11 43906
11 13 9875
13 11 9875
11 74 39873
74 11 39873
11 76 11453
76 11 11453
11 73 42281
73 11 42281
11 174 43523
174 11 43523
11 121 28990
121 11 28990
11 148 8862
148 11 8862
11 89 15663
89 11 15663
11 171 17718
171 11 17718
11 41 35670
41 11 35670
11 27 8706
27 11 8706
11 17 18864
17 11 18864
11 70 23948
70 11 23948
11 166 13362
166 11 13362
11 191 2504
191 11 2504
11 165 40205
165 11 40205
11 71 16778
71 11 16778
11 144 1348
144 11 1348
11 124 27984
124 11 27984
11 79 42127
79 11 42127
11 161 14733
161 11 14733
11 56 20659
56 11 20659
11 150 39205
150 11 39205
11 67 8893
67 11 8893
11 100 19651
100 11 19651
11 40 21682
40 11 21682
11 81 1236
81 11 1236
11 50 20966
50 11 20966
11 198 13757
198 11 13757
11 18 19434
18 11 19434
11 195 11091
195 11 11091
11 118 7051
118 11 7051
11 176 35457
176 11 35457
11 169 42620
169 11 42620
11 80 12595
80 11 12595
11 164 14690
164 11 14690
11 59 21917
59 11 21917
11 139 30174
139 11 30174
11 16 25719
16 11 25719
11 153 44004
153 11 44004
11 55 5645
55 11 5645
11 182 18194
182 11 18194
11 102 863
102 11 863
11 92 27681
92 11 27681
11 130 27766
130 11 27766
11 123 191
123 11 191
11 172 27570
172 11 27570
11 151 3839
151 11 3839
11 168 42298
168 11 42298
11 57 22540
57 11 22540
11 91 22301
91 11 22301
11 179 12809
179 11 12809
11 129 32910
129 11 32910
11 45 18722
45 11 18722
11 60 21055
60 11 21055
11 98 42912
98 11 42912
11 15 14475
15 11 14475
11 90 37324
90 11 37324
11 83 11353
83 11 11353
11 53 11942
53 11 11942
11 103 40980
103 11 40980
11 82 33054
82 11 33054
11 155 13610
155 11 13610
11 154 32014
154 11 32014
11 54 18211
54 11 18211
11 133 3239
133 11 3239
11 190 37589
190 11 37589
11 105 12103
105 11 12103
11 22 8033
22 11 8033
11 183 39086
183 11 39086
11 134 18088
134 11 18088
11 120 31752
120 11 31752
11 36 27072
36 11 27072
11 106 22557
106 11 22557
11 88 10452
88 11 10452
11 84 25024
84 11 25024
11 115 18883
115 11 18883
11 49 38300
49 11 38300
11 181 18801
181 11 18801
11 86 15818
86 11 15818
11 66 12706
66 11 12706
11 160 32595
160 11 32595
11 29 38343
29 11 38343
11 101 33496
101 11 33496
11 128 33265
128 11 33265
11 141 28331
141 11 28331
11 175 23901
175 11 23901
11 199 12080
199 11 12080
11 93 9112
93 11 9112
11 163 6744
163 11 6744
11 184 14475
184 11 14475
11 143 38976
143 11 38976
11 32 12494
32 11 12494
11 24 40620
24 11 40620
11 186 41437
186 11 41437
11 51 13142
51 11 13142
11 72 13049
72 11 13049
11 23 917
23 11 917
11 131 1143
131 11 1143
11 173 13321
173 11 13321
11 125 7355
125 11 7355
11 158 18008
158 11 18008
11 119 11114
119 11 11114
11 58 7857
58 11 7857
11 157 10691
157 11 10691
11 47 14572
47 11 14572
11 146 18805
146 11 18805
11 159 25017
159 11 25017
11 156 26015
156 11 26015
11 188 10506
188 11 10506
11 65 10416
65 11 10416
11 192 20706
192 11 20706
11 111 6014
111 11 6014
11 48 23318
48 11 23318
11 112 1073
112 11 1073
11 104 12103
104 11 12103
11 170 30083
170 11 30083
11 137 27185
137 11 27185
11 189 14189
189 11 14189
11 149 27008
149 11 27008
11 135 24807
135 11 24807
11 110 29347
110 11 29347
11 69 25955
69 11 25955
11 75 28419
75 11 28419
11 180 32089
180 11 32089
11 42 34009
42 11 34009
11 46 35275
46 11 35275
11 96 6673
96 11 6673
11 177 9970
177 11 9970
11 39 34528
39 11 34528
11 38 4333
38 11 4333
12 190 2621
190 12 2621
12 183 24451
183 12 24451
12 125 3679
125 12 3679
12 144 40991
144 12 40991
12 53 15179
53 12 15179
12 87 8083
87 12 8083
12 175 43643
175 12 43643
12 75 36561
75 12 36561
12 21 13406
21 12 13406
12 98 15698
98 12 15698
12 67 5222
67 12 5222
12 20 16036
20 12 16036
12 24 6507
24 12 6507
12 35 37975
35 12 37975
12 158 7444
158 12 7444
12 180 15996
180 12 15996
12 103 18663
103 12 18663
12 117 11652
117 12 11652
12 69 36942
69 12 36942
12 173 36973
173 12 36973
12 62 10661
62 12 10661
12 148 8819
148 12 8819
12 127 41630
127 12 41630
12 129 30248
129 12 30248
12 90 3005
90 12 3005
12 139 35859
139 12 35859
12 110 41427
