15 52
0 8 31
8 0 31
0 4 18
4 0 18
0 5 14
5 0 14
0 6 71
6 0 71
0 7 52
7 0 52
1 9 11
9 1 11
1 8 62
8 1 62
1 13 66
13 1 66
1 11 5
11 1 5
1 2 12
2 1 12
2 13 69
13 2 69
2 4 68
4 2 68
2 7 13
7 2 13
2 12 45
12 2 45
3 10 14
10 3 14
3 8 19
8 3 19
3 12 7
12 3 7
4 14 19
14 4 19
4 12 49
12 4 49
6 14 76
14 6 76
7 9 32
9 7 32
8 14 45
14 8 45
9 12 40
12 9 40
9 11 17
11 9 17
10 13 29
13 10 29
12 14 17
14 12 17
