150 16762
0 92 17662
92 0 17662
0 134 12212
134 0 12212
0 90 7735
90 0 7735
0 89 15791
89 0 15791
0 141 22595
141 0 22595
0 77 8689
77 0 8689
0 78 1352
78 0 1352
0 103 1803
103 0 1803
0 118 21805
118 0 21805
0 129 6262
129 0 6262
0 43 20807
43 0 20807
0 128 21359
128 0 21359
0 123 17561
123 0 17561
0 75 21214
75 0 21214
0 114 8653
114 0 8653
0 73 6959
73 0 6959
0 28 10239
28 0 10239
0 113 8032
113 0 8032
0 8 11553
8 0 11553
0 101 10340
101 0 10340
0 34 6825
34 0 6825
0 106 22376
106 0 22376
0 51 13314
51 0 13314
0 132 22972
132 0 22972
0 146 2799
146 0 2799
0 83 5019
83 0 5019
0 135 16143
135 0 16143
0 17 15742
17 0 15742
0 69 4599
69 0 4599
0 58 10028
58 0 10028
0 80 12625
80 0 12625
0 126 7059
126 0 7059
0 97 13851
97 0 13851
0 27 6037
27 0 6037
0 60 17758
60 0 17758
0 3 24219
3 0 24219
0 65 5886
65 0 5886
0 56 21503
56 0 21503
0 104 5690
104 0 5690
0 136 18799
136 0 18799
0 39 7198
39 0 7198
0 98 6700
98 0 6700
0 131 52
131 0 52
0 38 15822
38 0 15822
0 66 13689
66 0 13689
0 7 8707
7 0 8707
0 30 9535
30 0 9535
0 85 4995
85 0 4995
0 139 8361
139 0 8361
0 117 7959
117 0 7959
0 87 2588
87 0 2588
0 71 18289
71 0 18289
0 145 13993
145 0 13993
0 62 4284
62 0 4284
0 68 6311
68 0 6311
0 137 7977
137 0 7977
0 115 14271
115 0 14271
0 63 23055
63 0 23055
0 70 21777
70 0 21777
0 20 23699
20 0 23699
0 22 20341
22 0 20341
0 111 9958
111 0 9958
0 52 20514
52 0 20514
0 140 18757
140 0 18757
0 122 8259
122 0 8259
0 16 7718
16 0 7718
0 143 8796
143 0 8796
0 46 9064
46 0 9064
0 25 1469
25 0 1469
0 88 15291
88 0 15291
0 19 17983
19 0 17983
0 23 7951
23 0 7951
0 24 25041
24 0 25041
0 144 21263
144 0 21263
0 54 9493
54 0 9493
0 33 19993
33 0 19993
0 100 17674
100 0 17674
0 35 24865
35 0 24865
0 32 11993
32 0 11993
0 10 23279
10 0 23279
0 41 6934
41 0 6934
0 127 3324
127 0 3324
0 112 6997
112 0 6997
0 76 14167
76 0 14167
0 53 17545
53 0 17545
0 5 22500
5 0 22500
0 40 17869
40 0 17869
0 147 18360
147 0 18360
0 95 13753
95 0 13753
0 108 22844
108 0 22844
0 142 18833
142 0 18833
0 1 24083
1 0 24083
0 2 10405
2 0 10405
0 107 21916
107 0 21916
0 86 3411
86 0 3411
0 57 22908
57 0 22908
0 12 23546
12 0 23546
0 82 24274
82 0 24274
0 133 3546
133 0 3546
0 116 7702
116 0 7702
0 15 21847
15 0 21847
0 96 2746
96 0 2746
0 110 2432
110 0 2432
0 26 3296
26 0 3296
0 119 16800
119 0 16800
0 47 8353
47 0 8353
0 79 11734
79 0 11734
0 64 21778
64 0 21778
0 109 13761
109 0 13761
0 37 19326
37 0 19326
0 120 19363
120 0 19363
1 30 9261
30 1 9261
1 51 22577
51 1 22577
1 68 15832
68 1 15832
1 49 6930
49 1 6930
1 126 22541
126 1 22541
1 15 19956
15 1 19956
1 19 19233
19 1 19233
1 55 10976
55 1 10976
1 7 25085
7 1 25085
1 59 22511
59 1 22511
1 29 21007
29 1 21007
1 124 11311
124 1 11311
1 72 10060
72 1 10060
1 20 3749
20 1 3749
1 119 13868
119 1 13868
1 116 9087
116 1 9087
1 28 11884
28 1 11884
1 45 17974
45 1 17974
1 138 18731
138 1 18731
1 65 5266
65 1 5266
1 43 12921
43 1 12921
1 143 15408
143 1 15408
1 145 5334
145 1 5334
1 87 23364
87 1 23364
1 94 21347
94 1 21347
1 3 9593
3 1 9593
1 16 19898
16 1 19898
1 93 9812
93 1 9812
1 38 23020
38 1 23020
1 100 11769
100 1 11769
1 149 73
149 1 73
1 98 19062
98 1 19062
1 110 6327
110 1 6327
1 129 3415
129 1 3415
1 79 24929
79 1 24929
1 32 11764
32 1 11764
1 148 2517
148 1 2517
1 54 18356
54 1 18356
1 107 13108
107 1 13108
1 83 24229
83 1 24229
1 33 21683
33 1 21683
1 44 22760
44 1 22760
1 139 17790
139 1 17790
1 120 19411
120 1 19411
1 14 13571
14 1 13571
1 34 10427
34 1 10427
1 73 18112
73 1 18112
1 88 365
88 1 365
1 90 20585
90 1 20585
1 6 10454
6 1 10454
1 85 17240
85 1 17240
1 115 10393
115 1 10393
1 18 3019
18 1 3019
1 42 10248
42 1 10248
1 71 6916
71 1 6916
1 81 24514
81 1 24514
1 132 19401
132 1 19401
1 130 2859
130 1 2859
1 141 6575
141 1 6575
1 89 17461
89 1 17461
1 131 10804
131 1 10804
1 137 11752
137 1 11752
1 9 13336
9 1 13336
1 101 4691
101 1 4691
1 97 17244
97 1 17244
1 22 4829
22 1 4829
1 41 813
41 1 813
1 96 6622
96 1 6622
1 10 19533
10 1 19533
1 128 21734
128 1 21734
1 140 19044
140 1 19044
1 39 24481
39 1 24481
1 52 10586
52 1 10586
1 111 16675
111 1 16675
1 31 6678
31 1 6678
1 134 19101
134 1 19101
1 5 6015
5 1 6015
1 80 22542
80 1 22542
1 58 3351
58 1 3351
1 8 9480
8 1 9480
1 108 18881
108 1 18881
1 12 22875
12 1 22875
1 118 16924
118 1 16924
1 76 12814
76 1 12814
1 105 20511
105 1 20511
1 63 24180
63 1 24180
1 135 15513
135 1 15513
1 27 15945
27 1 15945
1 60 24515
60 1 24515
1 46 18075
46 1 18075
1 26 7078
26 1 7078
1 24 359
24 1 359
1 121 11601
121 1 11601
1 84 20868
84 1 20868
1 127 22648
127 1 22648
1 104 19019
104 1 19019
1 21 11621
21 1 11621
1 75 3076
75 1 3076
1 106 7681
106 1 7681
1 40 19177
40 1 19177
1 61 22577
61 1 22577
1 91 7673
91 1 7673
1 102 8152
102 1 8152
1 77 1150
77 1 1150
1 4 17114
4 1 17114
1 136 14784
136 1 14784
1 23 5954
23 1 5954
1 117 23641
117 1 23641
2 10 15830
10 2 15830
2 115 2246
115 2 2246
2 94 24177
94 2 24177
2 47 12675
47 2 12675
2 7 16412
7 2 16412
2 133 3018
133 2 3018
2 29 2443
29 2 2443
2 3 16523
3 2 16523
2 142 21187
142 2 21187
2 69 7104
69 2 7104
2 4 6170
4 2 6170
2 15 2846
15 2 2846
2 132 18795
132 2 18795
2 82 1875
82 2 1875
2 98 17105
98 2 17105
2 111 22909
111 2 22909
2 143 9398
143 2 9398
2 43 2299
43 2 2299
2 52 20645
52 2 20645
2 83 5402
83 2 5402
2 16 8836
16 2 8836
2 85 3031
85 2 3031
2 67 11343
67 2 11343
2 5 19918
5 2 19918
2 56 21605
56 2 21605
2 136 6793
136 2 6793
2 65 14176
65 2 14176
2 36 16322
36 2 16322
2 106 17477
106 2 17477
2 46 12991
46 2 12991
2 117 16000
117 2 16000
2 48 3186
48 2 3186
2 84 20041
84 2 20041
2 27 5081
27 2 5081
2 21 11422
21 2 11422
2 109 2627
109 2 2627
2 26 12162
26 2 12162
2 93 2765
93 2 2765
2 73 12479
73 2 12479
2 123 21287
123 2 21287
2 53 12223
53 2 12223
2 147 8144
147 2 8144
2 42 13544
42 2 13544
2 122 19902
122 2 19902
2 102 18729
102 2 18729
2 25 3662
25 2 3662
2 96 12378
96 2 12378
2 64 16753
64 2 16753
2 113 1541
113 2 1541
2 13 21069
13 2 21069
2 88 18413
88 2 18413
2 11 20414
11 2 20414
2 134 255
134 2 255
2 55 12236
55 2 12236
2 37 8817
37 2 8817
2 6 6129
6 2 6129
2 121 2496
121 2 2496
2 19 16418
19 2 16418
2 137 18482
137 2 18482
2 139 10447
139 2 10447
2 14 18398
14 2 18398
2 148 6613
148 2 6613
2 104 3447
104 2 3447
2 108 17406
108 2 17406
2 18 12995
18 2 12995
2 8 17578
8 2 17578
2 39 17627
39 2 17627
2 79 5481
79 2 5481
2 107 47
107 2 47
2 124 12866
124 2 12866
2 114 6358
114 2 6358
2 31 2061
31 2 2061
2 105 1502
105 2 1502
2 131 10260
131 2 10260
2 38 19058
38 2 19058
2 99 23486
99 2 23486
2 22 944
22 2 944
2 125 6914
125 2 6914
2 90 4828
90 2 4828
2 28 9636
28 2 9636
2 116 22828
116 2 22828
2 101 12877
101 2 12877
2 97 19065
97 2 19065
2 86 3325
86 2 3325
2 144 9994
144 2 9994
2 62 4856
62 2 4856
2 95 19167
95 2 19167
2 118 10216
118 2 10216
2 12 9568
12 2 9568
2 9 8270
9 2 8270
2 61 18707
61 2 18707
2 41 18110
41 2 18110
2 23 12933
23 2 12933
2 135 2054
135 2 2054
2 60 22076
60 2 22076
2 110 2931
110 2 2931
2 128 4631
128 2 4631
2 72 9028
72 2 9028
2 112 9621
112 2 9621
2 54 11465
54 2 11465
2 120 17658
120 2 17658
2 80 14419
80 2 14419
2 149 18485
149 2 18485
2 127 21763
127 2 21763
2 59 24600
59 2 24600
2 51 13371
51 2 13371
2 30 16171
30 2 16171
2 138 15309
138 2 15309
2 77 21956
77 2 21956
2 119 22614
119 2 22614
3 137 22358
137 3 22358
3 111 23608
111 3 23608
3 129 12164
129 3 12164
3 71 5415
71 3 5415
3 48 7090
48 3 7090
3 74 1556
74 3 1556
3 46 15627
46 3 15627
3 80 126
80 3 126
3 123 182
123 3 182
3 76 17875
76 3 17875
3 5 13996
5 3 13996
3 83 21921
83 3 21921
3 58 24716
58 3 24716
3 135 3261
135 3 3261
3 60 13382
60 3 13382
3 101 12680
101 3 12680
3 109 12914
109 3 12914
3 146 14296
146 3 14296
3 121 17636
121 3 17636
3 53 19445
53 3 19445
3 134 12884
134 3 12884
3 87 14285
87 3 14285
3 103 5446
103 3 5446
3 142 17618
142 3 17618
3 51 5831
51 3 5831
3 106 17606
106 3 17606
3 113 6574
113 3 6574
3 12 13938
12 3 13938
3 55 22835
55 3 22835
3 7 7069
7 3 7069
3 105 24069
105 3 24069
3 8 17411
8 3 17411
3 82 9072
82 3 9072
3 96 23003
96 3 23003
3 75 11601
75 3 11601
3 97 16912
97 3 16912
3 6 16463
6 3 16463
3 90 9808
90 3 9808
3 14 14173
14 3 14173
3 38 17118
38 3 17118
3 95 6826
95 3 6826
3 141 22776
141 3 22776
3 85 14238
85 3 14238
3 35 14049
35 3 14049
3 79 18526
79 3 18526
3 115 8438
115 3 8438
3 16 14511
16 3 14511
3 69 15305
69 3 15305
3 127 21272
127 3 21272
3 84 1574
84 3 1574
3 70 8683
70 3 8683
3 93 3262
93 3 3262
3 138 2772
138 3 2772
3 32 4467
32 3 4467
3 24 24149
24 3 24149
3 49 18034
49 3 18034
3 78 8512
78 3 8512
3 112 9027
112 3 9027
3 73 3089
73 3 3089
3 119 23109
119 3 23109
3 27 18446
27 3 18446
3 68 15607
68 3 15607
3 147 15918
147 3 15918
3 120 24802
120 3 24802
3 144 176
144 3 176
3 45 709
45 3 709
3 34 4724
34 3 4724
3 67 8682
67 3 8682
3 56 22164
56 3 22164
3 148 23065
148 3 23065
3 39 17920
39 3 17920
3 65 21227
65 3 21227
3 102 10696
102 3 10696
3 62 9276
62 3 9276
3 19 7065
19 3 7065
3 136 2462
136 3 2462
3 107 4713
107 3 4713
3 110 15081
110 3 15081
3 23 15600
23 3 15600
3 25 14800
25 3 14800
3 77 14647
77 3 14647
3 132 17941
132 3 17941
3 29 7157
29 3 7157
3 143 3360
143 3 3360
3 40 14094
40 3 14094
3 42 24080
42 3 24080
3 100 8030
100 3 8030
3 47 12840
47 3 12840
3 128 11866
128 3 11866
3 4 14717
4 3 14717
3 98 16459
98 3 16459
3 44 7899
44 3 7899
3 118 7498
118 3 7498
3 133 7571
133 3 7571
3 57 7051
57 3 7051
3 30 10478
30 3 10478
3 33 2158
33 3 2158
3 108 8488
108 3 8488
3 99 14345
99 3 14345
3 20 14264
20 3 14264
3 89 13204
89 3 13204
4 76 16460
76 4 16460
4 36 16072
36 4 16072
4 60 3310
60 4 3310
4 71 5988
71 4 5988
4 89 8534
89 4 8534
4 66 8873
66 4 8873
4 106 14261
106 4 14261
4 15 5214
15 4 5214
4 130 12359
130 4 12359
4 38 8294
38 4 8294
4 63 23486
63 4 23486
4 104 24082
104 4 24082
4 102 397
102 4 397
4 57 1412
57 4 1412
4 115 2058
115 4 2058
4 46 21558
46 4 21558
4 120 24344
120 4 24344
4 108 20247
108 4 20247
4 5 5198
5 4 5198
4 62 23743
62 4 23743
4 69 20820
69 4 20820
4 41 21274
41 4 21274
4 84 17639
84 4 17639
4 6 5474
6 4 5474
4 40 10318
40 4 10318
4 44 21677
44 4 21677
4 73 966
73 4 966
4 127 23123
127 4 23123
4 148 16755
148 4 16755
4 126 7000
126 4 7000
4 116 14557
116 4 14557
4 81 12021
81 4 12021
4 59 10559
59 4 10559
4 132 9732
132 4 9732
4 149 11382
149 4 11382
4 56 6560
56 4 6560
4 124 22941
124 4 22941
4 93 15517
93 4 15517
4 43 15019
43 4 15019
4 29 4399
29 4 4399
4 64 12132
64 4 12132
4 141 8221
141 4 8221
4 31 3658
31 4 3658
4 27 274
27 4 274
4 123 5350
123 4 5350
4 78 10995
78 4 10995
4 100 954
100 4 954
4 121 649
121 4 649
4 37 11981
37 4 11981
4 9 10193
9 4 10193
4 11 7392
11 4 7392
4 105 22977
105 4 22977
4 21 12180
21 4 12180
4 19 23287
19 4 23287
4 53 14846
53 4 14846
4 91 16635
91 4 16635
4 14 9276
14 4 9276
4 45 9610
45 4 9610
4 97 794
97 4 794
4 83 1456
83 4 1456
4 24 15943
24 4 15943
4 138 9498
138 4 9498
4 133 8447
133 4 8447
4 87 9372
87 4 9372
4 17 21713
17 4 21713
4 94 359
94 4 359
4 74 23389
74 4 23389
4 88 9519
88 4 9519
4 32 22690
32 4 22690
4 12 19948
12 4 19948
4 137 12553
137 4 12553
4 68 1745
68 4 1745
4 101 18163
101 4 18163
4 143 20353
143 4 20353
4 13 14531
13 4 14531
4 70 5143
70 4 5143
4 55 23547
55 4 23547
4 136 21254
136 4 21254
4 79 17329
79 4 17329
4 16 4413
16 4 4413
4 26 16126
26 4 16126
4 28 2144
28 4 2144
4 48 4182
48 4 4182
4 22 17563
22 4 17563
4 96 7799
96 4 7799
4 90 4885
90 4 4885
4 86 17519
86 4 17519
4 112 2255
112 4 2255
4 144 10281
144 4 10281
4 139 10879
139 4 10879
4 50 14278
50 4 14278
4 142 22010
142 4 22010
4 47 10288
47 4 10288
4 51 81
51 4 81
4 134 21806
134 4 21806
4 114 17478
114 4 17478
4 52 676
52 4 676
4 54 2899
54 4 2899
4 49 24892
49 4 24892
4 135 9249
135 4 9249
4 33 2906
33 4 2906
4 109 24747
109 4 24747
4 67 20311
67 4 20311
4 34 4675
34 4 4675
4 20 22042
20 4 22042
4 110 1936
110 4 1936
4 8 9937
8 4 9937
4 147 3707
147 4 3707
4 118 15454
118 4 15454
5 63 18390
63 5 18390
5 8 16976
8 5 16976
5 27 9237
27 5 9237
5 106 3627
106 5 3627
5 37 8068
37 5 8068
5 15 24872
15 5 24872
5 86 12514
86 5 12514
5 123 14907
123 5 14907
5 103 17895
103 5 17895
5 35 21956
35 5 21956
5 64 20057
64 5 20057
5 109 19969
109 5 19969
5 100 22145
100 5 22145
5 68 6089
68 5 6089
5 96 1455
96 5 1455
5 137 23097
137 5 23097
5 52 16027
52 5 16027
5 16 11222
16 5 11222
5 25 1729
25 5 1729
5 139 441
139 5 441
5 80 22178
80 5 22178
5 56 15377
56 5 15377
5 10 22586
10 5 22586
5 62 18275
62 5 18275
5 94 14417
94 5 14417
5 115 12992
115 5 12992
5 145 21507
145 5 21507
5 101 23758
101 5 23758
5 48 6391
48 5 6391
5 61 5680
61 5 5680
5 9 13427
9 5 13427
5 112 20522
112 5 20522
5 113 12624
113 5 12624
5 75 18795
75 5 18795
5 77 72
77 5 72
5 114 1195
114 5 1195
5 28 6398
28 5 6398
5 79 14824
79 5 14824
5 102 7496
102 5 7496
5 90 23297
90 5 23297
5 60 15812
60 5 15812
5 58 11204
58 5 11204
5 92 7526
92 5 7526
5 57 2346
57 5 2346
5 83 23081
83 5 23081
5 133 17523
133 5 17523
5 105 22062
105 5 22062
5 116 8673
116 5 8673
5 44 13365
44 5 13365
5 126 11467
126 5 11467
5 59 12361
59 5 12361
5 55 24334
55 5 24334
5 14 24567
14 5 24567
5 41 5635
41 5 5635
5 66 3286
66 5 3286
5 87 24780
87 5 24780
5 148 6369
148 5 6369
5 29 888
29 5 888
5 12 16904
12 5 16904
5 97 2881
97 5 2881
5 73 7345
73 5 7345
5 24 7143
24 5 7143
5 141 1944
141 5 1944
5 84 2042
84 5 2042
5 120 14714
120 5 14714
5 111 5528
111 5 5528
5 149 18760
149 5 18760
5 46 17664
46 5 17664
5 47 2770
47 5 2770
5 144 23011
144 5 23011
5 7 20087
7 5 20087
5 121 4749
121 5 4749
5 51 13871
51 5 13871
5 43 24505
43 5 24505
5 40 22223
40 5 22223
5 136 13091
136 5 13091
5 23 10041
23 5 10041
5 122 16511
122 5 16511
5 78 1172
78 5 1172
5 117 3566
117 5 3566
5 31 20939
31 5 20939
5 67 15323
67 5 15323
5 49 9802
49 5 9802
5 134 24171
134 5 24171
5 128 8220
128 5 8220
5 65 17315
65 5 17315
5 81 6443
81 5 6443
5 125 10109
125 5 10109
5 17 24476
17 5 24476
5 119 22223
119 5 22223
5 93 12723
93 5 12723
5 54 14268
54 5 14268
5 21 3372
21 5 3372
5 36 16594
36 5 16594
5 32 14625
32 5 14625
5 18 22409
18 5 22409
5 69 17577
69 5 17577
5 110 4870
110 5 4870
5 118 12799
118 5 12799
5 130 8865
130 5 8865
5 143 23100
143 5 23100
5 82 12577
82 5 12577
5 88 16778
88 5 16778
5 33 7001
33 5 7001
5 124 21873
124 5 21873
5 13 5608
13 5 5608
5 98 8317
98 5 8317
5 127 20548
127 5 20548
5 71 18518
71 5 18518
5 34 15665
34 5 15665
5 39 15141
39 5 15141
5 6 22270
6 5 22270
5 95 4004
95 5 4004
6 146 9725
146 6 9725
6 115 19790
115 6 19790
6 20 9792
20 6 9792
6 97 77
97 6 77
6 132 20963
132 6 20963
6 62 7163
62 6 7163
6 122 8879
122 6 8879
6 70 23185
70 6 23185
6 83 16558
83 6 16558
6 60 24033
60 6 24033
6 12 16800
12 6 16800
6 84 14797
84 6 14797
6 128 15401
128 6 15401
6 46 11842
46 6 11842
6 131 6345
131 6 6345
6 99 17579
99 6 17579
6 55 11932
55 6 11932
6 39 7949
39 6 7949
6 47 20200
47 6 20200
6 69 22091
69 6 22091
6 17 5634
17 6 5634
6 81 15203
81 6 15203
6 82 15286
82 6 15286
6 145 15846
145 6 15846
6 105 15368
105 6 15368
6 89 16411
89 6 16411
6 92 1733
92 6 1733
6 28 17875
28 6 17875
6 147 22433
147 6 22433
6 125 20340
125 6 20340
6 34 13306
34 6 13306
6 48 14507
48 6 14507
6 140 4238
140 6 4238
6 65 6347
65 6 6347
6 104 9940
104 6 9940
6 30 966
30 6 966
6 27 21508
27 6 21508
6 75 9676
75 6 9676
6 134 13523
134 6 13523
6 91 1732
91 6 1732
6 21 7001
21 6 7001
6 49 23900
49 6 23900
6 7 2695
7 6 2695
6 29 7018
29 6 7018
6 78 5110
78 6 5110
6 95 8659
95 6 8659
6 119 23552
119 6 23552
6 40 18604
40 6 18604
6 129 10999
129 6 10999
6 111 9629
111 6 9629
6 9 5943
9 6 5943
6 15 9711
15 6 9711
6 124 7657
124 6 7657
6 31 10580
31 6 10580
6 148 7511
148 6 7511
6 120 14326
120 6 14326
6 100 10339
100 6 10339
6 18 16263
18 6 16263
6 102 17596
102 6 17596
6 135 413
135 6 413
6 61 5305
61 6 5305
6 26 9891
26 6 9891
6 123 7170
123 6 7170
6 73 22101
73 6 22101
6 37 22042
37 6 22042
6 133 21184
133 6 21184
6 74 23591
74 6 23591
6 86 7389
86 6 7389
6 138 12727
138 6 12727
6 38 14722
38 6 14722
6 24 14011
24 6 14011
6 19 2022
19 6 2022
6 118 7353
118 6 7353
6 103 18583
103 6 18583
6 44 8070
44 6 8070
6 143 13013
143 6 13013
6 113 8772
113 6 8772
6 142 22809
142 6 22809
6 94 6010
94 6 6010
6 54 23137
54 6 23137
6 8 3406
8 6 3406
6 107 18316
107 6 18316
6 79 13872
79 6 13872
6 98 16174
98 6 16174
6 108 16749
108 6 16749
6 149 6246
149 6 6246
6 136 18605
136 6 18605
6 11 2564
11 6 2564
6 76 11267
76 6 11267
6 52 13304
52 6 13304
6 85 1287
85 6 1287
6 72 15467
72 6 15467
6 109 18993
109 6 18993
6 25 18971
25 6 18971
6 50 18990
50 6 18990
6 53 23464
53 6 23464
6 117 24548
117 6 24548
6 16 17760
16 6 17760
6 33 18798
33 6 18798
6 64 17933
64 6 17933
6 96 19405
96 6 19405
6 66 12465
66 6 12465
6 93 14278
93 6 14278
6 87 15549
87 6 15549
6 67 24852
67 6 24852
6 130 9546
130 6 9546
6 139 15447
139 6 15447
6 112 13053
112 6 13053
6 68 15103
68 6 15103
7 94 13706
94 7 13706
7 71 4889
71 7 4889
7 90 7742
90 7 7742
7 62 6775
62 7 6775
7 30 5377
30 7 5377
7 80 15063
80 7 15063
7 47 24320
47 7 24320
7 117 1913
117 7 1913
7 97 22268
97 7 22268
7 135 7863
135 7 7863
7 77 11539
77 7 11539
7 139 5073
139 7 5073
7 46 9962
46 7 9962
7 17 215
17 7 215
7 65 2445
65 7 2445
7 114 24210
114 7 24210
7 123 12691
123 7 12691
7 148 3604
148 7 3604
7 89 12574
89 7 12574
7 126 11940
126 7 11940
7 134 4366
134 7 4366
7 38 9860
38 7 9860
7 118 19228
118 7 19228
7 136 13519
136 7 13519
7 12 4098
12 7 4098
7 10 4547
10 7 4547
7 87 8279
87 7 8279
7 16 19175
16 7 19175
7 110 19836
110 7 19836
7 137 8048
137 7 8048
7 31 15689
31 7 15689
7 61 23254
61 7 23254
7 107 21922
107 7 21922
7 145 8151
145 7 8151
7 108 10390
108 7 10390
7 113 9323
113 7 9323
7 83 22086
83 7 22086
7 8 20564
8 7 20564
7 104 9563
104 7 9563
7 111 19328
111 7 19328
7 9 24525
9 7 24525
7 125 4797
125 7 4797
7 52 13045
52 7 13045
7 129 18170
129 7 18170
7 73 1704
73 7 1704
7 105 20844
105 7 20844
7 147 341
147 7 341
7 37 10752
37 7 10752
7 106 17066
106 7 17066
7 103 14890
103 7 14890
7 27 22205
27 7 22205
7 85 21579
85 7 21579
7 149 6179
149 7 6179
7 33 22352
33 7 22352
7 53 22127
53 7 22127
7 132 2728
132 7 2728
7 64 17607
64 7 17607
7 42 1040
42 7 1040
7 23 9200
23 7 9200
7 14 5865
14 7 5865
7 50 21034
50 7 21034
7 57 20617
57 7 20617
7 13 1963
13 7 1963
7 101 6562
101 7 6562
7 74 16091
74 7 16091
7 60 23927
60 7 23927
7 81 12321
81 7 12321
7 55 12911
55 7 12911
7 91 10456
91 7 10456
7 100 7713
100 7 7713
7 58 17203
58 7 17203
7 96 7522
96 7 7522
7 120 11241
120 7 11241
7 131 5332
131 7 5332
7 66 3751
66 7 3751
7 124 16029
124 7 16029
7 112 397
112 7 397
7 21 6253
21 7 6253
7 95 18903
95 7 18903
7 59 22725
59 7 22725
7 11 6238
11 7 6238
7 45 16287
45 7 16287
7 144 13480
144 7 13480
7 56 15316
56 7 15316
7 20 24093
20 7 24093
7 146 10154
146 7 10154
7 92 8470
92 7 8470
7 19 6082
19 7 6082
7 41 17799
41 7 17799
7 102 8902
102 7 8902
7 15 7440
15 7 7440
7 36 4621
36 7 4621
7 67 18774
67 7 18774
7 79 15503
79 7 15503
7 32 21956
32 7 21956
7 121 16963
121 7 16963
7 25 23351
25 7 23351
7 82 17100
82 7 17100
7 128 12051
128 7 12051
7 26 24336
26 7 24336
7 44 12489
44 7 12489
7 63 23075
63 7 23075
7 69 14572
69 7 14572
7 48 17879
48 7 17879
7 76 9379
76 7 9379
7 93 22954
93 7 22954
7 116 16098
116 7 16098
7 99 18352
99 7 18352
8 18 12567
18 8 12567
8 22 22339
22 8 22339
8 53 7358
53 8 7358
8 78 17698
78 8 17698
8 15 21159
15 8 21159
8 92 9808
92 8 9808
8 43 6460
43 8 6460
8 71 20387
71 8 20387
8 134 7469
134 8 7469
8 68 3138
68 8 3138
8 28 22939
28 8 22939
8 91 18353
91 8 18353
8 40 19090
40 8 19090
8 121 12182
121 8 12182
8 85 6841
85 8 6841
8 65 4247
65 8 4247
8 30 1295
30 8 1295
8 58 17254
58 8 17254
8 52 21331
52 8 21331
8 101 4881
101 8 4881
8 79 16955
79 8 16955
8 25 11111
25 8 11111
8 93 4443
93 8 4443
8 34 4245
34 8 4245
8 17 4010
17 8 4010
8 96 23927
96 8 23927
8 99 647
99 8 647
8 131 5614
131 8 5614
8 108 4434
108 8 4434
8 142 7193
142 8 7193
8 72 19630
72 8 19630
8 145 16112
145 8 16112
8 56 1278
56 8 1278
8 103 4992
103 8 4992
8 37 12199
37 8 12199
8 76 485
76 8 485
8 87 12202
87 8 12202
8 9 10457
9 8 10457
8 124 24717
124 8 24717
8 63 16961
63 8 16961
8 10 18986
10 8 18986
8 97 12005
97 8 12005
8 42 8552
42 8 8552
8 136 2717
136 8 2717
8 89 24536
89 8 24536
8 41 7934
41 8 7934
8 147 15032
147 8 15032
8 47 8911
47 8 8911
8 38 14204
38 8 14204
8 11 4963
11 8 4963
8 129 14051
129 8 14051
8 107 11757
107 8 11757
8 127 10219
127 8 10219
8 82 18088
82 8 18088
8 98 7453
98 8 7453
8 46 1165
46 8 1165
8 112 10566
112 8 10566
8 132 6494
132 8 6494
8 77 4984
77 8 4984
8 32 4713
32 8 4713
8 39 10487
39 8 10487
8 149 24970
149 8 24970
8 140 11719
140 8 11719
8 81 21276
81 8 21276
8 49 15955
49 8 15955
8 105 11929
105 8 11929
8 24 16868
24 8 16868
8 116 7021
116 8 7021
8 80 14712
80 8 14712
8 74 11964
74 8 11964
8 122 21145
122 8 21145
8 20 20292
20 8 20292
8 31 10330
31 8 10330
8 66 3959
66 8 3959
8 114 13677
114 8 13677
8 90 21045
90 8 21045
8 120 8989
120 8 8989
8 130 25075
130 8 25075
8 102 10551
102 8 10551
8 19 18267
19 8 18267
8 115 22095
115 8 22095
8 35 12424
35 8 12424
8 62 5825
62 8 5825
8 13 10601
13 8 10601
8 135 6301
135 8 6301
8 117 24745
117 8 24745
8 12 21701
12 8 21701
8 86 18184
86 8 18184
8 50 5244
50 8 5244
8 83 10674
83 8 10674
8 144 12087
144 8 12087
8 106 1716
106 8 1716
8 100 14966
100 8 14966
8 61 17571
61 8 17571
8 84 9927
84 8 9927
8 128 24767
128 8 24767
8 70 23888
70 8 23888
8 141 8226
141 8 8226
8 143 12347
143 8 12347
8 118 4152
118 8 4152
8 45 308
45 8 308
8 26 1989
26 8 1989
9 18 8366
18 9 8366
9 139 24965
139 9 24965
9 81 20182
81 9 20182
9 41 13178
41 9 13178
9 137 8675
137 9 8675
9 117 16535
117 9 16535
9 98 23355
98 9 23355
9 71 9698
71 9 9698
9 76 24581
76 9 24581
9 11 20185
11 9 20185
9 43 20059
43 9 20059
9 132 6516
132 9 6516
9 124 20564
124 9 20564
9 102 7167
102 9 7167
9 40 18644
40 9 18644
9 113 6253
113 9 6253
9 59 5000
59 9 5000
9 49 7051
49 9 7051
9 106 5573
106 9 5573
9 119 10233
119 9 10233
9 96 18961
96 9 18961
9 99 4197
99 9 4197
9 127 24810
127 9 24810
9 60 5746
60 9 5746
9 46 8970
46 9 8970
9 116 21809
116 9 21809
9 48 16752
48 9 16752
9 75 6099
75 9 6099
9 47 2121
47 9 2121
9 144 15955
144 9 15955
9 97 4894
97 9 4894
9 90 13916
90 9 13916
9 16 10469
16 9 10469
9 140 21685
140 9 21685
9 52 13906
52 9 13906
9 123 2588
123 9 2588
9 147 12398
147 9 12398
9 58 21
58 9 21
9 105 5322
105 9 5322
9 136 94
136 9 94
9 68 11300
68 9 11300
9 118 8064
118 9 8064
9 15 9475
15 9 9475
9 62 4371
62 9 4371
9 73 16278
73 9 16278
9 94 19321
94 9 19321
9 126 328
126 9 328
9 146 21812
146 9 21812
9 25 8928
25 9 8928
9 32 217
32 9 217
9 121 6650
121 9 6650
9 22 9108
22 9 9108
9 112 10896
112 9 10896
9 130 2675
130 9 2675
9 125 15092
125 9 15092
9 17 9625
17 9 9625
9 129 19567
129 9 19567
9 100 3724
100 9 3724
9 149 11052
149 9 11052
9 133 3423
133 9 3423
9 88 18922
88 9 18922
9 86 11718
86 9 11718
9 104 2774
104 9 2774
9 38 23506
38 9 23506
9 61 6668
61 9 6668
9 14 6749
14 9 6749
9 120 10624
120 9 10624
9 91 10001
91 9 10001
9 145 15738
145 9 15738
9 26 2124
26 9 2124
9 19 12890
19 9 12890
9 65 602
65 9 602
9 128 10213
128 9 10213
9 13 4998
13 9 4998
9 64 20089
64 9 20089
9 142 1111
142 9 1111
9 110 19549
110 9 19549
9 74 18905
74 9 18905
9 31 12191
31 9 12191
9 37 10004
37 9 10004
9 93 16383
93 9 16383
9 135 23615
135 9 23615
9 50 5592
50 9 5592
9 45 15863
45 9 15863
9 101 16057
101 9 16057
9 95 15188
95 9 15188
9 79 4228
79 9 4228
9 92 1977
92 9 1977
9 54 7924
54 9 7924
9 148 23920
148 9 23920
9 72 3171
72 9 3171
9 42 22106
42 9 22106
9 67 23396
67 9 23396
9 77 15406
77 9 15406
9 36 15804
36 9 15804
9 109 9032
109 9 9032
9 134 3938
134 9 3938
9 122 23347
122 9 23347
9 53 14983
53 9 14983
9 56 20240
56 9 20240
9 80 16037
80 9 16037
9 84 14358
84 9 14358
9 85 4694
85 9 4694
9 21 7062
21 9 7062
9 131 11108
131 9 11108
9 12 20924
12 9 20924
9 27 21225
27 9 21225
9 30 18181
30 9 18181
9 108 10564
108 9 10564
9 103 24668
103 9 24668
9 66 14188
66 9 14188
9 24 20022
24 9 20022
10 40 12065
40 10 12065
10 100 22555
100 10 22555
10 131 8521
131 10 8521
10 37 8546
37 10 8546
10 21 790
21 10 790
10 148 2727
148 10 2727
10 68 5834
68 10 5834
10 61 17655
61 10 17655
10 142 2933
142 10 2933
10 137 1082
137 10 1082
10 53 11179
53 10 11179
10 111 23175
111 10 23175
10 23 8736
23 10 8736
10 93 7134
93 10 7134
10 67 6781
67 10 6781
10 133 4214
133 10 4214
10 130 17778
130 10 17778
10 145 11656
145 10 11656
10 74 10887
74 10 10887
10 82 3430
82 10 3430
10 77 16971
77 10 16971
10 105 3419
105 10 3419
10 34 6243
34 10 6243
10 120 16919
120 10 16919
10 50 16918
50 10 16918
10 104 17017
104 10 17017
10 108 798
108 10 798
10 38 10141
38 10 10141
10 60 1550
60 10 1550
10 24 638
24 10 638
10 140 15295
140 10 15295
10 54 17916
54 10 17916
10 43 21489
43 10 21489
10 17 8296
17 10 8296
10 128 8849
128 10 8849
10 52 5546
52 10 5546
10 71 15289
71 10 15289
10 39 18821
39 10 18821
10 99 16481
99 10 16481
10 89 13312
89 10 13312
10 25 2111
25 10 2111
10 29 4372
29 10 4372
10 27 11664
27 10 11664
10 11 9411
11 10 9411
10 138 9717
138 10 9717
10 141 9628
141 10 9628
10 14 10572
14 10 10572
10 94 6020
94 10 6020
10 95 16552
95 10 16552
10 119 8665
119 10 8665
10 66 19743
66 10 19743
10 51 2508
51 10 2508
10 114 1076
114 10 1076
10 103 4284
103 10 4284
10 22 24043
22 10 24043
10 26 12795
26 10 12795
10 149 25106
149 10 25106
10 73 1231
73 10 1231
10 129 15965
129 10 15965
10 30 17386
30 10 17386
10 117 6419
117 10 6419
10 139 13059
139 10 13059
10 69 20324
69 10 20324
10 86 2537
86 10 2537
10 97 1905
97 10 1905
10 62 8243
62 10 8243
10 118 21786
118 10 21786
10 31 22608
31 10 22608
10 36 2717
36 10 2717
10 124 17677
124 10 17677
10 64 4027
64 10 4027
10 135 21386
135 10 21386
10 136 4195
136 10 4195
10 72 6984
72 10 6984
10 18 7734
18 10 7734
10 85 19250
85 10 19250
10 127 839
127 10 839
10 49 21852
49 10 21852
10 147 14275
147 10 14275
10 123 15723
123 10 15723
10 65 11396
65 10 11396
10 107 13175
107 10 13175
10 76 12451
76 10 12451
10 33 11906
33 10 11906
10 109 17959
109 10 17959
10 48 8581
48 10 8581
10 126 4839
126 10 4839
10 45 18993
45 10 18993
10 98 19848
98 10 19848
10 125 16489
125 10 16489
10 110 6209
110 10 6209
10 115 21562
115 10 21562
10 35 21878
35 10 21878
10 80 22835
80 10 22835
10 28 7112
28 10 7112
10 41 11348
41 10 11348
10 121 8856
121 10 8856
10 91 22118
91 10 22118
10 112 19891
112 10 19891
11 62 14547
62 11 14547
11 136 22181
136 11 22181
11 133 16940
133 11 16940
11 50 22653
50 11 22653
11 108 183
108 11 183
11 124 5095
124 11 5095
11 111 9416
111 11 9416
11 139 19482
139 11 19482
11 122 167
122 11 167
11 114 13450
114 11 13450
11 144 15565
144 11 15565
11 104 8297
104 11 8297
11 41 6103
41 11 6103
11 87 2397
87 11 2397
11 148 501
148 11 501
11 33 6130
33 11 6130
11 84 9767
84 11 9767
11 106 2649
106 11 2649
11 15 5474
15 11 5474
11 54 6985
54 11 6985
11 73 12621
73 11 12621
11 65 15994
65 11 15994
11 74 16024
74 11 16024
11 143 2176
143 11 2176
11 145 8891
145 11 8891
11 30 16082
30 11 16082
11 43 18028
43 11 18028
11 112 17087
112 11 17087
11 40 20201
40 11 20201
11 16 13934
16 11 13934
11 19 20593
19 11 20593
11 113 1328
113 11 1328
11 110 22262
110 11 22262
11 142 17489
142 11 17489
11 147 11040
147 11 11040
11 103 5124
103 11 5124
11 12 8038
12 11 8038
11 60 24508
60 11 24508
11 91 5070
91 11 5070
11 125 24542
125 11 24542
11 85 19523
85 11 19523
11 61 21046
61 11 21046
11 109 5567
109 11 5567
11 21 13002
21 11 13002
11 92 2808
92 11 2808
11 135 19005
135 11 19005
11 35 8554
35 11 8554
11 56 20092
56 11 20092
11 127 16569
127 11 16569
11 88 5125
88 11 5125
11 14 9990
14 11 9990
11 83 1923
83 11 1923
11 101 16600
101 11 16600
11 86 23933
86 11 23933
11 89 5464
89 11 5464
11 51 8605
51 11 8605
11 71 7504
71 11 7504
11 131 8705
131 11 8705
11 90 8646
90 11 8646
11 140 1092
140 11 1092
11 58 8377
58 11 8377
11 28 12866
28 11 12866
11 119 20205
119 11 20205
11 76 18787
76 11 18787
11 75 9095
75 11 9095
11 118 6223
118 11 6223
11 97 24764
97 11 24764
11 95 6555
95 11 6555
11 45 7595
45 11 7595
11 81 16847
81 11 16847
11 149 19945
149 11 19945
11 48 5101
48 11 5101
11 38 601
38 11 601
11 37 16101
37 11 16101
11 27 11041
27 11 11041
11 141 1253
141 11 1253
11 121 23844
121 11 23844
11 55 20633
55 11 20633
11 64 16121
64 11 16121
11 115 154
115 11 154
11 93 24981
93 11 24981
11 79 13050
79 11 13050
11 99 15589
99 11 15589
11 24 46
24 11 46
11 52 607
52 11 607
11 120 14269
120 11 14269
11 49 24803
49 11 24803
11 20 25049
20 11 25049
11 77 11615
77 11 11615
11 69 20067
69 11 20067
11 25 5922
25 11 5922
11 126 23461
126 11 23461
11 31 8042
31 11 8042
11 36 8603
36 11 8603
11 146 8850
146 11 8850
11 116 3324
116 11 3324
11 129 11649
129 11 11649
11 80 15063
80 11 15063
11 130 5258
130 11 5258
11 134 7185
134 11 7185
11 23 11029
23 11 11029
11 70 10667
70 11 10667
11 138 23346
138 11 23346
12 92 16764
92 12 16764
12 28 23834
28 12 23834
12 147 7042
147 12 7042
12 85 10667
85 12 10667
12 114 16417
114 12 16417
12 36 22155
36 12 22155
12 122 21714
122 12 21714
12 51 5673
51 12 5673
12 57 83
57 12 83
12 127 9380
127 12 9380
12 118 2816
118 12 2816
12 43 6519
43 12 6519
12 29 22955
29 12 22955
12 21 8245
21 12 8245
12 40 15830
40 12 15830
12 34 4877
34 12 4877
12 41 5238
41 12 5238
12 130 18599
130 12 18599
12 27 12534
27 12 12534
12 46 15403
46 12 15403
12 32 7544
32 12 7544
12 83 3259
83 12 3259
12 88 7550
88 12 7550
12 90 8893
90 12 8893
12 65 1639
65 12 1639
12 62 9058
62 12 9058
12 100 1040
100 12 1040
12 54 23684
54 12 23684
12 138 21401
138 12 21401
12 80 20588
80 12 20588
12 56 24690
56 12 24690
12 30 18501
30 12 18501
12 23 17648
23 12 17648
12 74 8876
74 12 8876
12 37 3829
37 12 3829
12 75 9410
75 12 9410
12 64 20651
64 12 20651
12 20 21162
20 12 21162
12 25 512
25 12 512
12 109 17319
109 12 17319
12 124 21410
124 12 21410
12 45 16518
45 12 16518
12 48 16073
48 12 16073
12 141 3672
141 12 3672
12 111 18120
111 12 18120
12 44 15981
44 12 15981
12 14 3618
14 12 3618
12 24 6211
24 12 6211
12 33 4636
33 12 4636
12 31 9281
31 12 9281
12 146 22787
146 12 22787
12 136 7895
136 12 7895
12 119 16414
119 12 16414
12 135 16567
135 12 16567
12 145 16793
145 12 16793
12 60 22458
60 12 22458
12 128 10483
128 12 10483
12 113 14697
113 12 14697
12 35 24206
35 12 24206
12 106 16966
106 12 16966
12 99 17896
99 12 17896
12 108 3836
108 12 3836
12 126 16210
126 12 16210
12 96 15577
96 12 15577
12 123 280
123 12 280
12 19 18267
19 12 18267
12 121 15066
121 12 15066
12 117 9912
117 12 9912
12 79 517
79 12 517
12 67 14835
67 12 14835
12 105 15132
105 12 15132
12 94 13920
94 12 13920
12 104 5278
104 12 5278
12 102 20051
102 12 20051
12 125 9539
125 12 9539
12 131 9799
131 12 9799
12 49 13172
49 12 13172
12 26 7077
26 12 7077
12 47 13781
47 12 13781
12 95 266
95 12 266
12 53 5395
53 12 5395
12 132 19537
132 12 19537
12 69 20855
69 12 20855
12 143 1360
143 12 1360
12 22 22083
22 12 22083
12 38 4948
38 12 4948
12 91 16547
91 12 16547
12 110 5391
110 12 5391
12 61 1388
61 12 1388
12 149 12351
149 12 12351
12 120 1279
120 12 1279
12 68 21948
68 12 21948
12 112 24195
112 12 24195
12 13 20040
13 12 20040
12 71 17573
71 12 17573
12 17 14901
17 12 14901
12 93 1305
93 12 1305
12 70 14082
70 12 14082
12 142 17637
142 12 17637
12 139 9291
139 12 9291
13 115 5879
115 13 5879
13 73 5094
73 13 5094
13 102 206
102 13 206
13 71 10893
71 13 10893
13 129 13981
129 13 13981
13 59 11743
59 13 11743
13 141 5018
141 13 5018
13 116 23455
116 13 23455
13 40 19859
40 13 19859
13 145 5899
145 13 5899
13 125 21262
125 13 21262
13 147 19439
147 13 19439
13 74 13297
74 13 13297
13 128 17235
128 13 17235
13 56 14134
56 13 14134
13 26 24347
26 13 24347
13 36 1930
36 13 1930
13 15 503
15 13 503
13 51 16730
51 13 16730
13 143 16632
143 13 16632
13 25 3235
25 13 3235
13 108 15961
108 13 15961
13 99 19223
99 13 19223
13 91 2823
91 13 2823
13 89 11268
89 13 11268
13 77 1940
77 13 1940
13 52 12417
52 13 12417
13 88 189
88 13 189
13 27 20594
27 13 20594
13 127 6274
127 13 6274
13 84 24180
84 13 24180
13 95 22667
95 13 22667
13 148 1894
148 13 1894
13 97 7699
97 13 7699
13 86 12754
86 13 12754
13 37 23206
37 13 23206
13 47 11076
47 13 11076
13 92 2212
92 13 2212
13 16 20993
16 13 20993
13 106 21020
106 13 21020
13 121 5109
121 13 5109
13 130 19801
130 13 19801
13 58 23694
58 13 23694
13 65 4899
65 13 4899
13 96 15275
96 13 15275
13 100 1862
100 13 1862
13 21 15159
21 13 15159
13 18 19312
18 13 19312
13 81 14225
81 13 14225
13 42 6814
42 13 6814
13 80 7057
80 13 7057
13 50 14404
50 13 14404
13 82 12105
82 13 12105
13 124 17922
124 13 17922
13 34 19869
34 13 19869
13 48 14240
48 13 14240
13 111 2498
111 13 2498
13 131 4639
131 13 4639
13 101 18395
101 13 18395
13 62 21574
62 13 21574
13 90 24660
90 13 24660
13 123 4609
123 13 4609
13 78 102
78 13 102
13 146 10812
146 13 10812
13 114 350
114 13 350
13 33 12672
33 13 12672
13 140 5812
140 13 5812
13 98 4572
98 13 4572
13 66 13342
66 13 13342
13 79 23920
79 13 23920
13 149 2553
149 13 2553
13 85 22898
85 13 22898
13 43 10818
43 13 10818
13 68 1955
68 13 1955
13 94 21133
94 13 21133
13 17 15614
17 13 15614
13 137 22569
137 13 22569
13 20 11242
20 13 11242
13 110 4015
110 13 4015
13 113 24176
113 13 24176
13 28 11370
28 13 11370
13 109 16491
109 13 16491
13 14 1589
14 13 1589
13 136 20428
136 13 20428
13 132 5368
132 13 5368
13 133 15585
133 13 15585
13 93 23225
93 13 23225
13 126 144
126 13 144
13 44 10791
44 13 10791
13 118 24362
118 13 24362
13 64 12109
64 13 12109
13 67 17105
67 13 17105
13 49 3192
49 13 3192
13 70 3259
70 13 3259
13 46 11860
46 13 11860
13 41 13230
41 13 13230
13 30 19354
30 13 19354
13 75 5393
75 13 5393
13 144 7919
144 13 7919
13 38 4481
38 13 4481
13 39 9347
39 13 9347
14 131 12976
131 14 12976
14 79 19246
79 14 19246
14 127 16999
127 14 16999
14 130 6746
130 14 6746
14 98 14508
98 14 14508
14 93 6662
93 14 6662
14 19 12350
19 14 12350
14 65 21416
65 14 21416
14 27 6039
27 14 6039
14 126 24026
126 14 24026
14 61 23955
61 14 23955
14 81 7571
81 14 7571
14 49 6775
49 14 6775
14 111 11906
111 14 11906
14 83 24788
83 14 24788
14 80 17495
80 14 17495
14 40 16070
40 14 16070
14 78 5027
78 14 5027
14 44 7147
44 14 7147
14 86 13181
86 14 13181
14 46 15758
46 14 15758
14 103 5228
103 14 5228
14 91 20431
91 14 20431
14 33 8074
33 14 8074
14 21 20385
21 14 20385
14 25 15942
25 14 15942
14 149 12621
149 14 12621
14 102 14075
102 14 14075
14 121 16701
121 14 16701
14 66 16939
66 14 16939
14 67 17317
67 14 17317
14 96 6776
96 14 6776
14 54 21165
54 14 21165
14 53 1313
53 14 1313
14 59 5684
59 14 5684
14 32 16128
32 14 16128
14 147 10063
147 14 10063
14 114 17421
114 14 17421
14 39 4944
39 14 4944
14 43 18100
43 14 18100
14 125 12938
125 14 12938
14 134 7918
134 14 7918
14 95 6747
95 14 6747
14 50 24788
50 14 24788
14 36 16184
36 14 16184
14 24 23306
24 14 23306
14 144 10001
144 14 10001
14 42 14385
42 14 14385
14 74 25031
74 14 25031
14 48 5267
48 14 5267
14 71 3654
71 14 3654
14 119 18388
119 14 18388
14 97 18763
97 14 18763
14 148 8183
148 14 8183
14 22 5773
22 14 5773
14 105 5319
105 14 5319
14 124 18378
124 14 18378
14 57 19057
57 14 19057
14 133 6911
133 14 6911
14 135 10787
135 14 10787
14 138 19467
138 14 19467
14 69 11092
69 14 11092
14 145 4155
145 14 4155
14 123 9440
123 14 9440
14 128 11849
128 14 11849
14 31 12025
31 14 12025
14 52 15614
52 14 15614
14 100 9179
100 14 9179
14 84 4677
84 14 4677
14 70 843
70 14 843
14 90 19615
90 14 19615
14 116 8939
116 14 8939
14 94 21870
94 14 21870
14 77 6951
77 14 6951
14 85 24525
85 14 24525
14 104 5578
104 14 5578
14 72 23624
72 14 23624
14 20 7931
20 14 7931
14 51 17742
51 14 17742
14 17 2933
17 14 2933
14 140 10482
140 14 10482
14 146 14062
146 14 14062
14 110 13155
110 14 13155
14 92 1492
92 14 1492
14 60 19720
60 14 19720
14 29 21192
29 14 21192
14 87 12262
87 14 12262
14 143 17915
143 14 17915
14 38 3428
38 14 3428
14 23 6869
23 14 6869
14 142 24238
142 14 24238
14 37 8004
37 14 8004
14 108 721
108 14 721
14 117 6930
117 14 6930
14 118 19401
118 14 19401
14 88 24597
88 14 24597
14 136 14688
136 14 14688
14 63 5512
63 14 5512
14 64 11251
64 14 11251
15 82 24637
82 15 24637
15 119 2936
119 15 2936
15 105 14509
105 15 14509
15 128 9718
128 15 9718
15 49 24478
49 15 24478
15 16 21559
16 15 21559
15 135 18824
135 15 18824
15 138 1579
138 15 1579
15 88 2199
88 15 2199
15 87 36
87 15 36
15 63 19898
63 15 19898
15 127 16338
127 15 16338
15 101 12799
101 15 12799
15 39 4526
39 15 4526
15 17 14153
17 15 14153
15 121 2465
121 15 2465
15 73 25016
73 15 25016
15 41 23074
41 15 23074
15 26 21602
26 15 21602
15 72 4201
72 15 4201
15 93 12802
93 15 12802
15 136 3318
136 15 3318
15 114 24909
114 15 24909
15 94 14071
94 15 14071
15 132 19219
132 15 19219
15 53 16788
53 15 16788
15 69 7904
69 15 7904
15 106 19059
106 15 19059
15 23 13913
23 15 13913
15 100 6364
100 15 6364
15 117 19476
117 15 19476
15 144 16099
144 15 16099
15 75 10144
75 15 10144
15 146 22054
146 15 22054
15 54 23823
54 15 23823
15 104 16504
104 15 16504
15 68 13229
68 15 13229
15 74 24815
74 15 24815
15 120 13738
120 15 13738
15 139 4661
139 15 4661
15 32 12069
32 15 12069
15 76 20237
76 15 20237
15 123 6305
123 15 6305
15 124 7239
124 15 7239
15 47 17110
47 15 17110
15 52 3009
52 15 3009
15 51 23939
51 15 23939
15 145 23600
145 15 23600
15 91 9759
91 15 9759
15 84 9326
84 15 9326
15 31 17983
31 15 17983
15 130 18661
130 15 18661
15 86 20979
86 15 20979
15 24 2038
24 15 2038
15 131 13605
131 15 13605
15 56 7371
56 15 7371
15 85 21594
85 15 21594
15 109 2197
109 15 2197
15 19 14914
19 15 14914
15 62 1709
62 15 1709
15 99 8050
99 15 8050
15 149 20255
149 15 20255
15 115 2323
115 15 2323
15 143 5056
143 15 5056
15 20 11705
20 15 11705
15 46 10461
46 15 10461
15 96 18816
96 15 18816
15 142 21425
142 15 21425
15 126 15286
126 15 15286
15 140 13909
140 15 13909
15 147 5279
147 15 5279
15 108 2992
108 15 2992
15 64 14435
64 15 14435
15 35 5566
35 15 5566
15 71 6798
71 15 6798
15 44 23114
44 15 23114
15 83 3363
83 15 3363
15 18 10131
18 15 10131
15 67 19531
67 15 19531
15 116 17556
116 15 17556
15 77 10878
77 15 10878
15 92 14008
92 15 14008
15 66 5203
66 15 5203
15 113 12380
113 15 12380
15 70 13120
70 15 13120
15 58 15890
58 15 15890
15 61 12038
61 15 12038
15 112 2520
112 15 2520
15 30 24261
30 15 24261
15 90 11207
90 15 11207
15 27 12803
27 15 12803
15 33 15114
33 15 15114
15 57 10678
57 15 10678
15 122 3955
122 15 3955
15 103 13199
103 15 13199
15 111 12000
111 15 12000
15 98 19116
98 15 19116
16 50 4671
50 16 4671
16 90 3780
90 16 3780
16 80 3641
80 16 3641
16 55 13562
55 16 13562
16 101 19382
101 16 19382
16 121 24041
121 16 24041
16 134 3453
134 16 3453
16 31 3390
31 16 3390
16 127 7808
127 16 7808
16 21 1365
21 16 1365
16 34 13895
34 16 13895
16 84 19139
84 16 19139
16 112 14749
112 16 14749
16 65 16038
65 16 16038
16 105 24113
105 16 24113
16 46 17756
46 16 17756
16 70 13838
70 16 13838
16 51 18084
51 16 18084
16 139 10132
139 16 10132
16 71 16750
71 16 16750
16 123 9561
123 16 9561
16 138 10017
138 16 10017
16 128 13165
128 16 13165
16 102 13221
102 16 13221
16 94 22997
94 16 22997
16 19 13018
19 16 13018
16 104 5265
104 16 5265
16 125 13027
125 16 13027
16 47 9026
47 16 9026
16 39 6949
39 16 6949
16 58 21491
58 16 21491
16 53 22635
53 16 22635
16 26 3249
26 16 3249
16 137 5060
137 16 5060
16 62 23197
62 16 23197
16 116 13351
116 16 13351
16 114 23725
114 16 23725
16 95 452
95 16 452
16 43 21149
43 16 21149
16 149 11795
149 16 11795
16 29 15441
29 16 15441
16 109 7903
109 16 7903
16 18 2991
18 16 2991
16 136 5268
136 16 5268
16 111 14777
111 16 14777
16 30 5819
30 16 5819
16 24 17840
24 16 17840
16 37 16437
37 16 16437
16 131 13963
131 16 13963
16 25 12305
25 16 12305
16 142 21977
142 16 21977
16 28 3319
28 16 3319
16 83 2792
83 16 2792
16 144 4836
144 16 4836
16 69 10796
69 16 10796
16 42 3229
42 16 3229
16 88 4495
88 16 4495
16 74 20420
74 16 20420
16 103 18480
103 16 18480
16 92 1631
92 16 1631
16 75 14941
75 16 14941
16 118 19327
118 16 19327
16 81 19543
81 16 19543
16 23 1002
23 16 1002
16 97 5436
97 16 5436
16 100 2496
100 16 2496
16 20 16323
20 16 16323
16 45 21216
45 16 21216
16 78 1989
78 16 1989
16 129 17802
129 16 17802
16 140 15524
140 16 15524
16 66 8268
66 16 8268
16 72 18219
72 16 18219
16 68 185
68 16 185
16 52 2796
52 16 2796
16 113 24022
113 16 24022
16 33 23850
33 16 23850
16 141 10005
141 16 10005
16 54 798
54 16 798
16 122 9767
122 16 9767
16 143 17996
143 16 17996
16 117 6344
117 16 6344
16 126 658
126 16 658
16 36 2744
36 16 2744
16 132 18082
132 16 18082
16 64 702
64 16 702
16 107 7475
107 16 7475
16 40 6164
40 16 6164
16 38 16697
38 16 16697
