100 4950
0 32 5133
32 0 5133
0 25 1987
25 0 1987
0 53 3914
53 0 3914
0 49 5612
49 0 5612
0 61 5166
61 0 5166
0 1 155
1 0 155
0 45 7127
45 0 7127
0 84 4728
84 0 4728
0 40 1262
40 0 1262
0 69 4856
69 0 4856
0 23 1376
23 0 1376
0 58 1585
58 0 1585
0 67 7136
67 0 7136
0 66 3329
66 0 3329
0 9 7256
9 0 7256
0 55 1170
55 0 1170
0 42 5106
42 0 5106
0 43 930
43 0 930
0 99 6387
99 0 6387
0 11 1616
11 0 1616
0 90 6915
90 0 6915
0 64 1036
64 0 1036
0 35 4647
35 0 4647
0 96 3551
96 0 3551
0 44 3018
44 0 3018
0 31 6706
31 0 6706
0 98 4966
98 0 4966
0 91 4081
91 0 4081
0 26 207
26 0 207
0 36 6617
36 0 6617
0 21 4856
21 0 4856
0 48 126
48 0 126
0 73 1326
73 0 1326
0 95 6344
95 0 6344
0 20 5922
20 0 5922
0 27 5919
27 0 5919
0 59 5512
59 0 5512
0 3 627
3 0 627
0 7 1209
7 0 1209
0 39 1350
39 0 1350
0 17 6436
17 0 6436
0 88 5018
88 0 5018
0 80 4993
80 0 4993
0 38 1392
38 0 1392
0 71 1096
71 0 1096
0 75 7326
75 0 7326
1 17 2091
17 1 2091
1 7 195
7 1 195
1 96 423
96 1 423
1 8 6581
8 1 6581
1 26 1565
26 1 1565
1 48 6506
48 1 6506
1 57 4543
57 1 4543
1 61 2675
61 1 2675
1 81 4564
81 1 4564
1 42 7168
42 1 7168
1 28 3860
28 1 3860
1 24 3002
24 1 3002
1 86 2070
86 1 2070
1 77 413
77 1 413
1 34 3218
34 1 3218
1 95 2337
95 1 2337
1 21 3930
21 1 3930
1 5 5882
5 1 5882
1 82 6692
82 1 6692
1 44 7057
44 1 7057
1 40 498
40 1 498
1 35 4092
35 1 4092
1 25 3169
25 1 3169
1 85 2951
85 1 2951
1 94 1357
94 1 1357
1 46 256
46 1 256
1 97 3557
97 1 3557
1 31 3962
31 1 3962
1 83 5549
83 1 5549
1 45 2236
45 1 2236
1 74 2430
74 1 2430
1 93 1760
93 1 1760
1 23 6160
23 1 6160
1 72 4515
72 1 4515
1 55 1193
55 1 1193
1 15 2636
15 1 2636
1 92 6816
92 1 6816
1 53 2709
53 1 2709
1 54 5270
54 1 5270
1 38 2765
38 1 2765
1 98 1242
98 1 1242
1 30 5657
30 1 5657
1 65 4492
65 1 4492
1 87 4809
87 1 4809
1 19 3518
19 1 3518
1 63 5008
63 1 5008
1 78 4818
78 1 4818
1 75 4072
75 1 4072
1 90 6786
90 1 6786
1 79 5398
79 1 5398
1 12 3604
12 1 3604
2 20 3240
20 2 3240
2 25 230
25 2 230
2 84 825
84 2 825
2 90 6711
90 2 6711
2 17 1227
17 2 1227
2 19 1583
19 2 1583
2 7 4641
7 2 4641
2 60 2679
60 2 2679
2 57 822
57 2 822
2 36 726
36 2 726
2 68 6554
68 2 6554
2 69 4797
69 2 4797
2 12 3920
12 2 3920
2 91 2652
91 2 2652
2 48 4086
48 2 4086
2 32 2054
32 2 2054
2 71 677
71 2 677
2 44 3506
44 2 3506
2 6 4663
6 2 4663
2 16 3678
16 2 3678
2 53 5194
53 2 5194
2 79 4960
79 2 4960
2 83 3504
83 2 3504
2 93 3033
93 2 3033
2 89 6671
89 2 6671
2 14 1524
14 2 1524
2 8 3044
8 2 3044
2 70 7015
70 2 7015
2 3 1341
3 2 1341
2 51 6057
51 2 6057
2 47 670
47 2 670
2 77 3692
77 2 3692
2 59 4081
59 2 4081
2 98 6715
98 2 6715
2 66 242
66 2 242
2 99 5834
99 2 5834
2 21 4133
21 2 4133
2 10 6615
10 2 6615
2 72 2378
72 2 2378
2 42 6913
42 2 6913
2 67 2776
67 2 2776
2 28 5697
28 2 5697
2 23 6723
23 2 6723
2 80 2173
80 2 2173
2 27 2382
27 2 2382
2 49 2373
49 2 2373
2 38 5101
38 2 5101
3 86 3364
86 3 3364
3 11 522
11 3 522
3 37 1091
37 3 1091
3 80 5916
80 3 5916
3 50 4440
50 3 4440
3 71 5216
71 3 5216
3 12 3208
12 3 3208
3 96 3162
96 3 3162
3 73 5043
73 3 5043
3 78 7003
78 3 7003
3 69 7143
69 3 7143
3 81 3537
81 3 3537
3 66 3714
66 3 3714
3 88 2479
88 3 2479
3 42 4183
42 3 4183
3 65 3140
65 3 3140
3 22 7036
22 3 7036
3 64 4566
64 3 4566
3 91 1762
91 3 1762
3 87 4184
87 3 4184
3 99 4509
99 3 4509
3 46 2635
46 3 2635
3 10 1934
10 3 1934
3 68 2498
68 3 2498
3 20 4442
20 3 4442
3 5 1277
5 3 1277
3 19 1146
19 3 1146
3 32 3586
32 3 3586
3 16 4320
16 3 4320
3 29 4888
29 3 4888
3 93 7316
93 3 7316
3 23 6874
23 3 6874
3 72 4390
72 3 4390
3 40 5423
40 3 5423
3 94 1423
94 3 1423
3 79 3240
79 3 3240
3 85 6292
85 3 6292
3 34 5623
34 3 5623
3 21 6823
21 3 6823
3 28 3203
28 3 3203
3 97 3861
97 3 3861
3 13 6440
13 3 6440
3 9 4701
9 3 4701
3 51 3641
51 3 3641
3 44 5356
44 3 5356
3 8 7025
8 3 7025
3 6 4720
6 3 4720
3 57 7345
57 3 7345
3 62 2267
62 3 2267
3 63 6040
63 3 6040
3 54 2865
54 3 2865
3 33 3483
33 3 3483
4 46 1687
46 4 1687
4 21 338
21 4 338
4 44 6552
44 4 6552
4 48 4553
48 4 4553
4 52 4228
52 4 4228
4 67 755
67 4 755
4 57 4433
57 4 4433
4 38 3795
38 4 3795
4 99 2809
99 4 2809
4 70 5566
70 4 5566
4 26 6428
26 4 6428
4 6 5822
6 4 5822
4 62 3396
62 4 3396
4 79 2100
79 4 2100
4 61 3405
61 4 3405
4 39 5449
39 4 5449
4 35 369
35 4 369
4 73 6124
73 4 6124
4 45 799
45 4 799
4 91 1456
91 4 1456
4 9 2817
9 4 2817
4 29 3731
29 4 3731
4 33 5936
33 4 5936
4 86 3031
86 4 3031
4 55 2812
55 4 2812
4 75 3507
75 4 3507
4 56 99
56 4 99
4 88 4939
88 4 4939
4 14 6836
14 4 6836
4 87 4055
87 4 4055
4 15 4993
15 4 4993
4 37 1135
37 4 1135
4 93 1746
93 4 1746
4 50 3469
50 4 3469
4 27 2017
27 4 2017
4 63 201
63 4 201
4 13 1012
13 4 1012
4 54 6621
54 4 6621
4 17 3835
17 4 3835
4 18 5154
18 4 5154
4 40 1875
40 4 1875
4 89 5796
89 4 5796
4 23 7257
23 4 7257
4 81 4361
81 4 4361
4 36 7012
36 4 7012
4 64 1109
64 4 1109
5 47 2420
47 5 2420
5 68 5365
68 5 5365
5 23 4141
23 5 4141
5 59 1778
59 5 1778
5 7 4087
7 5 4087
5 78 4867
78 5 4867
5 80 6696
80 5 6696
5 89 6144
89 5 6144
5 20 2818
20 5 2818
5 67 2062
67 5 2062
5 86 6180
86 5 6180
5 39 2009
39 5 2009
5 90 5173
90 5 5173
5 53 5954
53 5 5954
5 74 3571
74 5 3571
5 83 5272
83 5 5272
5 6 2409
6 5 2409
5 56 6035
56 5 6035
5 17 2662
17 5 2662
5 87 458
87 5 458
5 9 2301
9 5 2301
5 95 1510
95 5 1510
5 16 3335
16 5 3335
5 61 10
61 5 10
5 32 1160
32 5 1160
5 26 845
26 5 845
5 99 447
99 5 447
5 81 236
81 5 236
5 33 3655
33 5 3655
5 27 7318
27 5 7318
5 82 6536
82 5 6536
5 43 6453
43 5 6453
5 18 2545
18 5 2545
5 93 6832
93 5 6832
5 54 1163
54 5 1163
5 97 525
97 5 525
5 38 113
38 5 113
5 24 2530
24 5 2530
5 85 3018
85 5 3018
5 65 3764
65 5 3764
5 75 1381
75 5 1381
5 48 7136
48 5 7136
5 12 6857
12 5 6857
5 69 4577
69 5 4577
5 94 5312
94 5 5312
5 60 1421
60 5 1421
5 55 3144
55 5 3144
6 86 7401
86 6 7401
6 51 6090
51 6 6090
6 66 4626
66 6 4626
6 80 4320
80 6 4320
6 60 3107
60 6 3107
6 29 5002
29 6 5002
6 67 6759
67 6 6759
6 91 2806
91 6 2806
6 84 5472
84 6 5472
6 87 1220
87 6 1220
6 96 7292
96 6 7292
6 40 4929
40 6 4929
6 81 812
81 6 812
6 13 4766
13 6 4766
6 38 1699
38 6 1699
6 94 3191
94 6 3191
6 31 2880
31 6 2880
6 25 1780
25 6 1780
6 73 2435
73 6 2435
6 18 515
18 6 515
6 56 5210
56 6 5210
6 76 582
76 6 582
6 45 6804
45 6 6804
6 79 1866
79 6 1866
6 64 5122
64 6 5122
6 11 1264
11 6 1264
6 52 2253
52 6 2253
6 41 5261
41 6 5261
6 72 1624
72 6 1624
6 50 7027
50 6 7027
6 74 1931
74 6 1931
6 53 3185
53 6 3185
6 55 1785
55 6 1785
6 49 5392
49 6 5392
6 27 3679
27 6 3679
6 19 3025
19 6 3025
6 23 766
23 6 766
6 21 820
21 6 820
6 59 476
59 6 476
6 63 2931
63 6 2931
6 89 4826
89 6 4826
6 34 244
34 6 244
6 92 764
92 6 764
6 57 901
57 6 901
6 42 3798
42 6 3798
6 78 3371
78 6 3371
7 75 4306
75 7 4306
7 48 5589
48 7 5589
7 63 6771
63 7 6771
7 74 3420
74 7 3420
7 93 4906
93 7 4906
7 81 1820
81 7 1820
7 31 4736
31 7 4736
7 38 1828
38 7 1828
7 92 2216
92 7 2216
7 29 4514
29 7 4514
7 76 6928
76 7 6928
7 45 5232
45 7 5232
7 96 6348
96 7 6348
7 99 342
99 7 342
7 78 3866
78 7 3866
7 44 6724
44 7 6724
7 90 2486
90 7 2486
7 41 5870
41 7 5870
7 25 1961
25 7 1961
7 51 3496
51 7 3496
7 97 4292
97 7 4292
7 11 587
11 7 587
7 40 2292
40 7 2292
7 62 249
62 7 249
7 10 5111
10 7 5111
7 30 6188
30 7 6188
7 52 1968
52 7 1968
7 57 6171
57 7 6171
7 95 1995
95 7 1995
7 37 6535
37 7 6535
7 43 5496
43 7 5496
7 60 5348
60 7 5348
7 66 5665
66 7 5665
7 26 4461
26 7 4461
7 34 3513
34 7 3513
7 16 5818
16 7 5818
7 86 7008
86 7 7008
7 47 1264
47 7 1264
7 14 6979
14 7 6979
7 83 641
83 7 641
7 84 6688
84 7 6688
7 73 3241
73 7 3241
7 98 4131
98 7 4131
7 46 176
46 7 176
7 49 2855
49 7 2855
7 8 2717
8 7 2717
7 69 115
69 7 115
7 85 6714
85 7 6714
7 17 3096
17 7 3096
7 39 564
39 7 564
7 28 5272
28 7 5272
8 15 4639
15 8 4639
8 17 5329
17 8 5329
8 79 4591
79 8 4591
8 36 3882
36 8 3882
8 84 2332
84 8 2332
8 24 4111
24 8 4111
8 59 1086
59 8 1086
8 81 1841
81 8 1841
8 33 5592
33 8 5592
8 12 4744
12 8 4744
8 78 911
78 8 911
8 85 2432
85 8 2432
8 95 7253
95 8 7253
8 90 5509
90 8 5509
8 64 1867
64 8 1867
8 20 4827
20 8 4827
8 68 1423
68 8 1423
8 67 5776
67 8 5776
8 62 5092
62 8 5092
8 72 3920
72 8 3920
8 37 3535
37 8 3535
8 63 3243
63 8 3243
8 13 5576
13 8 5576
8 34 3896
34 8 3896
8 93 111
93 8 111
8 27 2465
27 8 2465
8 66 423
66 8 423
8 75 5483
75 8 5483
8 60 2440
60 8 2440
8 40 6825
40 8 6825
8 51 3864
51 8 3864
8 71 4199
71 8 4199
8 39 3963
39 8 3963
8 76 5828
76 8 5828
8 98 28
98 8 28
8 88 3557
88 8 3557
8 28 4927
28 8 4927
9 77 3205
77 9 3205
9 88 3412
88 9 3412
9 32 3527
32 9 3527
9 27 3505
27 9 3505
9 39 1222
39 9 1222
9 24 2229
24 9 2229
9 23 6146
23 9 6146
9 94 1356
94 9 1356
9 81 5597
81 9 5597
9 47 2075
47 9 2075
9 18 1381
18 9 1381
9 38 2257
38 9 2257
9 45 3004
45 9 3004
9 80 7194
80 9 7194
9 51 3800
51 9 3800
9 66 151
66 9 151
9 44 1037
44 9 1037
9 30 3611
30 9 3611
9 99 1751
99 9 1751
9 78 1509
78 9 1509
9 85 6917
85 9 6917
9 50 3037
50 9 3037
9 19 7136
19 9 7136
9 72 1843
72 9 1843
9 74 4960
74 9 4960
9 58 5542
58 9 5542
9 25 1946
25 9 1946
9 60 5497
60 9 5497
9 31 934
31 9 934
9 49 2371
49 9 2371
9 61 396
61 9 396
9 14 1283
14 9 1283
9 82 2035
82 9 2035
9 64 5112
64 9 5112
9 13 6955
13 9 6955
9 28 1645
28 9 1645
9 91 7165
91 9 7165
9 83 5194
83 9 5194
9 26 4628
26 9 4628
10 52 3957
52 10 3957
10 73 3733
73 10 3733
10 89 403
89 10 403
10 20 6026
20 10 6026
10 25 2784
25 10 2784
10 29 1188
29 10 1188
10 16 951
16 10 951
10 48 2530
48 10 2530
10 28 5424
28 10 5424
10 60 2576
60 10 2576
10 39 2620
39 10 2620
10 40 1404
40 10 1404
10 85 4839
85 10 4839
10 44 6276
44 10 6276
10 55 5905
55 10 5905
10 42 4804
42 10 4804
10 61 6564
61 10 6564
10 83 4759
83 10 4759
10 38 4127
38 10 4127
10 91 7289
91 10 7289
10 15 428
15 10 428
10 93 6043
93 10 6043
10 70 4847
70 10 4847
10 64 4182
64 10 4182
10 43 523
43 10 523
10 36 5531
36 10 5531
10 50 3426
50 10 3426
10 14 5383
14 10 5383
10 19 6784
19 10 6784
10 24 7001
24 10 7001
10 49 5517
49 10 5517
10 69 2624
69 10 2624
10 58 2456
58 10 2456
10 95 5979
95 10 5979
10 71 2630
71 10 2630
10 86 5205
86 10 5205
10 33 3980
33 10 3980
10 77 628
77 10 628
10 31 5754
31 10 5754
10 47 7074
47 10 7074
10 18 100
18 10 100
11 25 5775
25 11 5775
11 16 2985
16 11 2985
11 57 3841
57 11 3841
11 36 6710
36 11 6710
11 32 5106
32 11 5106
11 78 2134
78 11 2134
11 71 1802
71 11 1802
11 52 5170
52 11 5170
11 90 349
90 11 349
11 18 6286
18 11 6286
11 96 2944
96 11 2944
11 33 1275
33 11 1275
11 75 2326
75 11 2326
11 59 1884
59 11 1884
11 31 1909
31 11 1909
11 13 3570
13 11 3570
11 60 3240
60 11 3240
11 97 1854
97 11 1854
11 20 3641
20 11 3641
11 76 5105
76 11 5105
11 51 5054
51 11 5054
11 72 6596
72 11 6596
11 17 2462
17 11 2462
11 95 323
95 11 323
11 45 177
45 11 177
11 86 6698
86 11 6698
11 53 6266
53 11 6266
11 66 1281
66 11 1281
11 67 2076
67 11 2076
11 88 2916
88 11 2916
11 93 3809
93 11 3809
11 44 7037
44 11 7037
11 29 5422
29 11 5422
11 92 2971
92 11 2971
11 23 4004
23 11 4004
11 46 5860
46 11 5860
11 61 3510
61 11 3510
11 50 4148
50 11 4148
11 58 3224
58 11 3224
11 49 3245
49 11 3245
11 81 4371
81 11 4371
11 41 1176
41 11 1176
11 79 6652
79 11 6652
11 47 2963
47 11 2963
11 34 2303
34 11 2303
11 62 7102
62 11 7102
11 68 5929
68 11 5929
11 15 2205
15 11 2205
11 19 5570
19 11 5570
12 93 2941
93 12 2941
12 40 2349
40 12 2349
12 83 3206
83 12 3206
12 24 5240
24 12 5240
12 35 4093
35 12 4093
12 82 2941
82 12 2941
12 42 3243
42 12 3243
12 37 5789
37 12 5789
12 50 4816
50 12 4816
12 70 293
70 12 293
12 79 3094
79 12 3094
12 54 733
54 12 733
12 75 5235
75 12 5235
12 95 1249
95 12 1249
12 72 6861
72 12 6861
12 13 2974
13 12 2974
12 27 507
27 12 507
12 52 64
52 12 64
12 92 5438
92 12 5438
12 46 5382
46 12 5382
12 60 5513
60 12 5513
12 59 4293
59 12 4293
12 84 6676
84 12 6676
12 63 920
63 12 920
12 90 6025
90 12 6025
12 67 2572
67 12 2572
12 89 3867
89 12 3867
12 53 5000
53 12 5000
12 39 3557
39 12 3557
12 16 3454
16 12 3454
12 44 4324
44 12 4324
12 41 5808
41 12 5808
12 36 392
36 12 392
12 34 3121
34 12 3121
12 33 3220
33 12 3220
12 71 3989
71 12 3989
12 38 4800
38 12 4800
12 21 6701
21 12 6701
12 28 1503
28 12 1503
12 26 4206
26 12 4206
12 65 2289
65 12 2289
12 87 5956
87 12 5956
12 56 367
56 12 367
12 86 483
86 12 483
12 66 6604
66 12 6604
12 45 646
45 12 646
13 84 3020
84 13 3020
13 78 6034
78 13 6034
13 27 6513
27 13 6513
13 31 3851
31 13 3851
13 63 2875
63 13 2875
13 28 4763
28 13 4763
13 33 194
33 13 194
13 66 4174
66 13 4174
13 19 6965
19 13 6965
13 32 5452
32 13 5452
13 44 3735
44 13 3735
13 74 3499
74 13 3499
13 60 2760
60 13 2760
13 64 2131
64 13 2131
13 69 2909
69 13 2909
13 34 6916
34 13 6916
13 77 1166
77 13 1166
13 38 2626
38 13 2626
13 86 1648
86 13 1648
13 26 1296
26 13 1296
13 98 2488
98 13 2488
13 24 1757
24 13 1757
13 93 2251
93 13 2251
13 68 7006
68 13 7006
13 72 5602
72 13 5602
13 70 7093
70 13 7093
13 57 7115
57 13 7115
13 15 5130
15 13 5130
13 80 6697
80 13 6697
13 42 2270
42 13 2270
13 23 5444
23 13 5444
13 48 6371
48 13 6371
13 79 2152
79 13 2152
13 58 5433
58 13 5433
13 82 2066
82 13 2066
13 52 896
52 13 896
14 84 2184
84 14 2184
14 68 3692
68 14 3692
14 16 913
16 14 913
14 46 2425
46 14 2425
14 20 6353
20 14 6353
14 90 881
90 14 881
14 70 3438
70 14 3438
14 49 57
49 14 57
14 18 4649
18 14 4649
14 40 4634
40 14 4634
14 62 2753
62 14 2753
14 58 1122
58 14 1122
14 59 2238
59 14 2238
14 71 5440
71 14 5440
14 97 7222
97 14 7222
14 93 4020
93 14 4020
14 52 731
52 14 731
14 30 5389
30 14 5389
14 80 5589
80 14 5589
14 44 3630
44 14 3630
14 25 1989
25 14 1989
14 65 4509
65 14 4509
14 82 5100
82 14 5100
14 37 2812
37 14 2812
14 57 2128
57 14 2128
14 77 976
77 14 976
14 94 4795
94 14 4795
14 28 3831
28 14 3831
14 66 101
66 14 101
14 74 1880
74 14 1880
14 24 6853
24 14 6853
14 17 1925
17 14 1925
14 76 4361
76 14 4361
14 61 4329
61 14 4329
14 15 5991
15 14 5991
14 78 5844
78 14 5844
14 29 6033
29 14 6033
14 95 4819
95 14 4819
14 69 5047
69 14 5047
14 91 3214
91 14 3214
14 87 422
87 14 422
14 72 6515
72 14 6515
14 48 3987
48 14 3987
15 50 2579
50 15 2579
15 88 6274
88 15 6274
15 48 3104
48 15 3104
15 98 6507
98 15 6507
15 61 5921
61 15 5921
15 56 2031
56 15 2031
15 84 3345
84 15 3345
15 37 2806
37 15 2806
15 54 5956
54 15 5956
15 20 5805
20 15 5805
15 28 600
28 15 600
15 57 4581
57 15 4581
15 23 3743
23 15 3743
15 32 4790
32 15 4790
15 36 3157
36 15 3157
15 58 385
58 15 385
15 82 5486
82 15 5486
15 79 3842
79 15 3842
15 44 4571
44 15 4571
15 69 4393
69 15 4393
15 35 3848
35 15 3848
15 33 3428
33 15 3428
15 60 6337
60 15 6337
15 92 3167
92 15 3167
15 99 6594
99 15 6594
15 47 287
47 15 287
15 96 5644
96 15 5644
15 71 949
71 15 949
15 78 5292
78 15 5292
15 42 3592
42 15 3592
15 72 2013
72 15 2013
15 52 4061
52 15 4061
15 18 5017
18 15 5017
15 94 6195
94 15 6195
15 19 7343
19 15 7343
15 45 3565
45 15 3565
15 40 5643
40 15 5643
15 91 2308
91 15 2308
15 77 3257
77 15 3257
15 38 7322
38 15 7322
16 55 1314
55 16 1314
16 99 2454
99 16 2454
16 38 183
38 16 183
16 47 5952
47 16 5952
16 60 6165
60 16 6165
16 32 1899
32 16 1899
16 64 3235
64 16 3235
16 18 5274
18 16 5274
16 93 3356
93 16 3356
16 62 6866
62 16 6866
16 50 5123
50 16 5123
16 36 938
36 16 938
16 85 5137
85 16 5137
16 20 2582
20 16 2582
16 26 4665
26 16 4665
16 48 169
48 16 169
16 91 3577
91 16 3577
16 42 7131
42 16 7131
16 25 7230
25 16 7230
16 63 7201
63 16 7201
16 28 6858
28 16 6858
16 66 5675
66 16 5675
16 41 3079
41 16 3079
16 49 3106
49 16 3106
16 88 5823
88 16 5823
16 94 5181
94 16 5181
16 39 5948
39 16 5948
16 87 3280
87 16 3280
16 51 4710
51 16 4710
16 57 4695
57 16 4695
16 68 5020
68 16 5020
16 33 3167
33 16 3167
16 30 5457
30 16 5457
16 92 1577
92 16 1577
16 80 196
80 16 196
17 96 923
96 17 923
17 69 5168
69 17 5168
17 93 2341
93 17 2341
17 55 6435
55 17 6435
17 25 2904
25 17 2904
17 76 6344
76 17 6344
17 39 7174
39 17 7174
17 31 5584
31 17 5584
17 62 4713
62 17 4713
17 95 6199
95 17 6199
17 40 680
40 17 680
17 80 3596
80 17 3596
17 33 7237
33 17 7237
17 28 8
28 17 8
17 63 4193
63 17 4193
17 46 2118
46 17 2118
17 61 3692
61 17 3692
17 32 1267
32 17 1267
17 18 3788
18 17 3788
17 84 5380
84 17 5380
17 87 4058
87 17 4058
17 81 670
81 17 670
17 85 3819
85 17 3819
17 86 6414
86 17 6414
17 58 3930
58 17 3930
17 53 2145
53 17 2145
17 60 3405
60 17 3405
17 49 5210
49 17 5210
17 37 191
37 17 191
17 71 4983
71 17 4983
17 77 6328
77 17 6328
17 43 4287
43 17 4287
17 36 5629
36 17 5629
17 44 2073
44 17 2073
17 35 5106
35 17 5106
17 74 528
74 17 528
17 34 7120
34 17 7120
17 24 6880
24 17 6880
17 91 6268
91 17 6268
17 20 5284
20 17 5284
17 26 4663
26 17 4663
17 83 6620
83 17 6620
17 51 6193
51 17 6193
17 94 2359
94 17 2359
17 21 1637
21 17 1637
17 29 4724
29 17 4724
18 67 6048
67 18 6048
18 51 3011
51 18 3011
18 59 4270
59 18 4270
18 53 5298
53 18 5298
18 69 3761
69 18 3761
18 57 4018
57 18 4018
18 92 1626
92 18 1626
18 83 1057
83 18 1057
18 64 1314
64 18 1314
18 41 3839
41 18 3839
18 23 2572
23 18 2572
18 79 1670
79 18 1670
18 68 5513
68 18 5513
18 71 3863
71 18 3863
18 89 4695
89 18 4695
18 88 7004
88 18 7004
18 94 5931
94 18 5931
18 35 3709
35 18 3709
18 49 5379
49 18 5379
18 45 1791
45 18 1791
18 31 1861
31 18 1861
18 47 4851
47 18 4851
18 28 2725
28 18 2725
18 38 1759
38 18 1759
18 73 2729
73 18 2729
18 97 5404
97 18 5404
18 25 1552
25 18 1552
18 65 7099
65 18 7099
18 34 3975
34 18 3975
18 75 5707
75 18 5707
18 26 5838
26 18 5838
18 81 1122
81 18 1122
18 76 1407
76 18 1407
18 39 7403
39 18 7403
18 43 7228
43 18 7228
18 50 5598
50 18 5598
18 33 1549
33 18 1549
19 59 3598
59 19 3598
19 43 177
43 19 177
19 77 7154
77 19 7154
19 81 7380
81 19 7380
19 96 6717
96 19 6717
19 71 1896
71 19 1896
19 57 1527
57 19 1527
19 93 575
93 19 575
19 50 6066
50 19 6066
19 29 1901
29 19 1901
19 72 47
72 19 47
19 28 3432
28 19 3432
19 61 3562
61 19 3562
19 90 3132
90 19 3132
19 85 5950
85 19 5950
19 30 5748
30 19 5748
19 23 2805
23 19 2805
19 73 4919
73 19 4919
19 34 73
34 19 73
19 98 194
98 19 194
19 56 6620
56 19 6620
19 42 2580
42 19 2580
19 68 3719
68 19 3719
19 41 2215
41 19 2215
19 65 5158
65 19 5158
19 94 5170
94 19 5170
19 91 4306
91 19 4306
19 97 2656
97 19 2656
19 76 2379
76 19 2379
19 84 4365
84 19 4365
19 32 1557
32 19 1557
19 89 1028
89 19 1028
19 20 3460
20 19 3460
19 27 7061
27 19 7061
19 87 3928
87 19 3928
20 65 3324
65 20 3324
20 70 4103
70 20 4103
20 97 4160
97 20 4160
20 54 5740
54 20 5740
20 35 6844
35 20 6844
20 62 3685
62 20 3685
20 63 3488
63 20 3488
20 58 278
58 20 278
20 46 5838
46 20 5838
20 99 628
99 20 628
20 24 1730
24 20 1730
20 41 3448
41 20 3448
20 31 5444
31 20 5444
20 42 5792
42 20 5792
20 59 5065
59 20 5065
20 90 7033
90 20 7033
20 75 137
75 20 137
20 88 4676
88 20 4676
20 48 4350
48 20 4350
20 95 7151
95 20 7151
20 91 849
91 20 849
20 67 799
67 20 799
20 66 5435
66 20 5435
20 29 7264
29 20 7264
20 39 4372
39 20 4372
20 22 4508
22 20 4508
20 33 4106
33 20 4106
20 27 5666
27 20 5666
20 93 6721
93 20 6721
20 57 1093
57 20 1093
20 47 7377
47 20 7377
20 60 2288
60 20 2288
20 45 6239
45 20 6239
20 23 1310
23 20 1310
20 74 6453
74 20 6453
20 69 4008
69 20 4008
20 26 2556
26 20 2556
20 25 7025
25 20 7025
20 83 7332
83 20 7332
20 85 5952
85 20 5952
20 78 5049
78 20 5049
20 80 1934
80 20 1934
20 44 1203
44 20 1203
20 53 6939
53 20 6939
20 30 3782
30 20 3782
20 34 186
34 20 186
20 55 1867
55 20 1867
20 77 5512
77 20 5512
20 50 6620
50 20 6620
20 56 7188
56 20 7188
20 52 7126
52 20 7126
21 56 3439
56 21 3439
21 92 4793
92 21 4793
21 57 6952
57 21 6952
21 88 5231
88 21 5231
21 48 4262
48 21 4262
21 61 3976
61 21 3976
21 65 6268
65 21 6268
21 38 3495
38 21 3495
21 68 5364
68 21 5364
21 69 6481
69 21 6481
21 73 2631
73 21 2631
21 60 2743
60 21 2743
21 53 4943
53 21 4943
21 33 2737
33 21 2737
21 81 4236
81 21 4236
21 71 2764
71 21 2764
21 67 5904
67 21 5904
21 24 663
24 21 663
21 36 260
36 21 260
21 82 3589
82 21 3589
21 45 3426
45 21 3426
21 98 2950
98 21 2950
21 78 2511
78 21 2511
21 93 1943
93 21 1943
21 64 4574
64 21 4574
21 96 570
96 21 570
21 75 5852
75 21 5852
21 70 6201
70 21 6201
21 49 1043
49 21 1043
21 39 6049
39 21 6049
21 32 5224
32 21 5224
21 26 4716
26 21 4716
21 62 7113
62 21 7113
21 94 2913
94 21 2913
21 46 3790
46 21 3790
21 51 1509
51 21 1509
22 76 2699
76 22 2699
22 97 6638
97 22 6638
22 56 2159
56 22 2159
22 37 2845
37 22 2845
22 77 2077
77 22 2077
22 62 6361
62 22 6361
22 31 6114
31 22 6114
22 59 4092
59 22 4092
22 35 4574
35 22 4574
22 44 6611
44 22 6611
22 55 176
55 22 176
22 51 3512
51 22 3512
22 98 4885
98 22 4885
22 96 5306
96 22 5306
22 82 2675
82 22 2675
22 45 592
45 22 592
22 29 1448
29 22 1448
22 42 2143
42 22 2143
22 38 1865
38 22 1865
22 58 1953
58 22 1953
22 66 5219
66 22 5219
22 67 4351
67 22 4351
22 40 5891
40 22 5891
22 53 2125
53 22 2125
22 61 3700
61 22 3700
22 50 4693
50 22 4693
22 60 2955
60 22 2955
22 24 6195
24 22 6195
22 95 4745
95 22 4745
22 93 2134
93 22 2134
22 69 6698
69 22 6698
22 49 5763
49 22 5763
22 92 3854
92 22 3854
22 72 5777
72 22 5777
22 64 6462
64 22 6462
22 43 4332
43 22 4332
22 65 2423
65 22 2423
22 23 3159
23 22 3159
22 48 6560
48 22 6560
22 54 4193
54 22 4193
22 85 5313
85 22 5313
23 89 284
89 23 284
23 67 5872
67 23 5872
23 96 3199
96 23 3199
23 70 256
70 23 256
23 60 1072
60 23 1072
23 33 1230
33 23 1230
23 82 6553
82 23 6553
23 49 3046
49 23 3046
23 56 319
56 23 319
23 83 4353
83 23 4353
23 46 5146
46 23 5146
23 71 5328
71 23 5328
23 68 4155
68 23 4155
23 29 6466
29 23 6466
23 37 3058
37 23 3058
23 41 2373
41 23 2373
23 61 4470
61 23 4470
23 95 2799
95 23 2799
23 34 3746
34 23 3746
23 35 823
35 23 823
23 76 966
76 23 966
23 66 6989
66 23 6989
23 54 3798
54 23 3798
23 90 3754
90 23 3754
23 36 442
36 23 442
23 25 7011
25 23 7011
23 91 406
91 23 406
23 45 3434
45 23 3434
23 57 7314
57 23 7314
23 81 3107
81 23 3107
23 42 4316
42 23 4316
23 78 1892
78 23 1892
23 77 141
77 23 141
23 30 2154
30 23 2154
23 98 533
98 23 533
23 64 4307
64 23 4307
23 53 7345
53 23 7345
23 52 6812
52 23 6812
23 58 1731
58 23 1731
24 39 663
39 24 663
24 54 5163
54 24 5163
24 48 587
48 24 587
24 94 5117
94 24 5117
24 67 2621
67 24 2621
24 58 3692
58 24 3692
24 96 5025
96 24 5025
24 83 3202
83 24 3202
24 81 3461
81 24 3461
24 38 5964
38 24 5964
24 34 3487
34 24 3487
24 92 1894
92 24 1894
24 74 4055
74 24 4055
24 37 4023
37 24 4023
24 33 5132
33 24 5132
24 75 4510
75 24 4510
24 36 4774
36 24 4774
24 90 7378
90 24 7378
24 43 2974
43 24 2974
24 28 1917
28 24 1917
24 76 3557
76 24 3557
24 86 6706
86 24 6706
24 98 2190
98 24 2190
24 95 5160
95 24 5160
24 60 4185
60 24 4185
24 66 2956
66 24 2956
24 35 2163
35 24 2163
24 85 4950
85 24 4950
24 68 751
68 24 751
24 50 3799
50 24 3799
24 71 824
71 24 824
24 82 6702
82 24 6702
24 32 7421
32 24 7421
24 41 2614
41 24 2614
24 77 1186
77 24 1186
24 59 6006
59 24 6006
25 55 605
55 25 605
25 71 2677
71 25 2677
25 83 2376
83 25 2376
25 26 2594
26 25 2594
25 46 966
46 25 966
25 85 4568
85 25 4568
25 93 5519
93 25 5519
25 70 689
70 25 689
25 97 1340
97 25 1340
25 48 4906
48 25 4906
25 78 5114
78 25 5114
25 49 14
49 25 14
25 96 7235
96 25 7235
25 56 1733
56 25 1733
25 91 6305
91 25 6305
25 68 4311
68 25 4311
25 37 5690
37 25 5690
25 54 3908
54 25 3908
25 80 3531
80 25 3531
25 32 5982
32 25 5982
25 31 3832
31 25 3832
25 77 700
77 25 700
25 30 5886
30 25 5886
25 60 1630
60 25 1630
25 64 1628
64 25 1628
25 42 6596
42 25 6596
25 33 644
33 25 644
25 61 4706
61 25 4706
25 36 529
36 25 529
25 65 4163
65 25 4163
25 73 6252
73 25 6252
25 35 1464
35 25 1464
25 67 7310
67 25 7310
25 38 36
38 25 36
25 59 6758
59 25 6758
25 41 7386
41 25 7386
25 75 5279
75 25 5279
25 58 2231
58 25 2231
26 27 4023
27 26 4023
26 83 1637
83 26 1637
26 41 7423
41 26 7423
26 64 7279
64 26 7279
26 32 2417
32 26 2417
26 85 6498
85 26 6498
26 86 1338
86 26 1338
26 34 6778
34 26 6778
26 35 5919
35 26 5919
26 71 1215
71 26 1215
26 98 512
98 26 512
26 49 3491
49 26 3491
26 74 3274
74 26 3274
26 28 1810
28 26 1810
26 58 6511
58 26 6511
26 30 71
30 26 71
26 40 3427
40 26 3427
26 65 7080
65 26 7080
26 80 2855
80 26 2855
26 69 4337
69 26 4337
26 82 254
82 26 254
26 39 4046
39 26 4046
26 73 3255
73 26 3255
26 43 6908
43 26 6908
26 54 3365
54 26 3365
26 97 837
97 26 837
26 60 355
60 26 355
26 31 6095
31 26 6095
26 55 1998
55 26 1998
26 61 2801
61 26 2801
27 52 5805
52 27 5805
27 80 4219
80 27 4219
27 54 310
54 27 310
27 39 1860
39 27 1860
27 94 5128
94 27 5128
27 37 3515
37 27 3515
27 88 4937
88 27 4937
27 97 3955
97 27 3955
27 98 513
98 27 513
27 70 7371
70 27 7371
27 95 5297
95 27 5297
27 78 1159
78 27 1159
27 40 1861
40 27 1861
27 69 5500
69 27 5500
27 31 1537
31 27 1537
27 63 4647
63 27 4647
27 84 6149
84 27 6149
27 66 1801
66 27 1801
27 87 1505
87 27 1505
27 58 2910
58 27 2910
27 77 1503
77 27 1503
27 35 1335
35 27 1335
27 75 2366
75 27 2366
27 90 2560
90 27 2560
27 44 7397
44 27 7397
27 83 2422
83 27 2422
27 32 5137
32 27 5137
27 59 1557
59 27 1557
27 96 4688
96 27 4688
27 81 6767
81 27 6767
27 41 3133
41 27 3133
27 57 2891
57 27 2891
28 37 906
37 28 906
28 29 5231
29 28 5231
28 95 4045
95 28 4045
28 41 2370
41 28 2370
28 88 6193
88 28 6193
28 46 5375
46 28 5375
28 35 4186
35 28 4186
28 52 6444
52 28 6444
28 76 256
76 28 256
28 84 6768
84 28 6768
28 77 5375
77 28 5375
28 60 6843
60 28 6843
28 64 6537
64 28 6537
28 92 6238
92 28 6238
28 30 6369
30 28 6369
28 55 3800
55 28 3800
28 44 6481
44 28 6481
28 85 3043
85 28 3043
28 32 2352
32 28 2352
28 47 235
47 28 235
28 90 4527
90 28 4527
28 93 2050
93 28 2050
28 63 3798
63 28 3798
28 67 7237
67 28 7237
28 34 7295
34 28 7295
28 57 5316
57 28 5316
28 73 6703
73 28 6703
28 78 3093
78 28 3093
28 50 109
50 28 109
28 31 6278
31 28 6278
28 39 7001
39 28 7001
28 65 2454
65 28 2454
28 58 5488
58 28 5488
28 68 5097
68 28 5097
28 70 6791
70 28 6791
28 48 568
48 28 568
28 69 2286
69 28 2286
29 92 1486
92 29 1486
29 59 5440
59 29 5440
29 95 4599
95 29 4599
29 56 1540
56 29 1540
29 71 4608
71 29 4608
29 51 6930
51 29 6930
29 81 4404
81 29 4404
29 42 6450
42 29 6450
29 80 5758
80 29 5758
29 90 2313
90 29 2313
29 40 3497
40 29 3497
29 74 3961
74 29 3961
29 77 1693
77 29 1693
29 91 2819
91 29 2819
29 58 5614
58 29 5614
29 89 6261
89 29 6261
29 97 2319
97 29 2319
29 61 6968
61 29 6968
29 54 409
54 29 409
29 47 1105
47 29 1105
29 79 3592
79 29 3592
29 78 1331
78 29 1331
29 85 2178
85 29 2178
29 50 2799
50 29 2799
29 55 2296
55 29 2296
29 87 3539
87 29 3539
29 32 2236
32 29 2236
29 72 4120
72 29 4120
29 83 5677
83 29 5677
29 52 2467
52 29 2467
29 66 342
66 29 342
29 99 2652
99 29 2652
30 39 5311
39 30 5311
30 69 1047
69 30 1047
30 79 5503
79 30 5503
30 46 4760
46 30 4760
30 68 1418
68 30 1418
30 45 7061
45 30 7061
30 60 783
60 30 783
30 64 3682
64 30 3682
30 32 5216
32 30 5216
30 73 2469
73 30 2469
30 80 4785
80 30 4785
30 82 6644
82 30 6644
30 70 600
70 30 600
30 35 5809
35 30 5809
30 43 6066
43 30 6066
30 40 5283
40 30 5283
30 37 7295
37 30 7295
30 38 548
38 30 548
30 50 1218
50 30 1218
30 71 3785
71 30 3785
30 83 5820
83 30 5820
30 77 6074
77 30 6074
30 55 3339
55 30 3339
30 66 7140
66 30 7140
30 88 5136
88 30 5136
30 97 235
97 30 235
30 75 2989
75 30 2989
30 67 7220
67 30 7220
30 47 5150
47 30 5150
30 94 2823
94 30 2823
30 85 5481
85 30 5481
30 61 6684
61 30 6684
30 98 562
98 30 562
30 92 6900
92 30 6900
30 36 5866
36 30 5866
30 76 852
76 30 852
30 34 2031
34 30 2031
30 59 6074
59 30 6074
30 53 4904
53 30 4904
30 74 7164
74 30 7164
30 33 1777
33 30 1777
30 42 6996
42 30 6996
30 48 129
48 30 129
30 57 1052
57 30 1052
31 88 3612
88 31 3612
31 69 5031
69 31 5031
31 95 3462
95 31 3462
31 78 541
78 31 541
31 62 1404
62 31 1404
31 64 5525
64 31 5525
31 74 2014
74 31 2014
31 42 7015
42 31 7015
31 99 2578
99 31 2578
31 98 4289
98 31 4289
31 39 4946
39 31 4946
31 92 4898
92 31 4898
31 70 6734
70 31 6734
31 86 1681
86 31 1681
31 77 2425
77 31 2425
31 80 6313
80 31 6313
31 91 7271
91 31 7271
31 57 4331
57 31 4331
31 81 5611
81 31 5611
31 36 6377
36 31 6377
31 49 3524
49 31 3524
31 87 3857
87 31 3857
31 75 955
75 31 955
31 94 6527
94 31 6527
31 72 5187
72 31 5187
31 50 6112
50 31 6112
31 82 572
82 31 572
31 54 2573
54 31 2573
31 65 3445
65 31 3445
31 89 1139
89 31 1139
31 32 6187
32 31 6187
31 56 5651
56 31 5651
31 71 6982
71 31 6982
31 96 6857
96 31 6857
31 34 894
34 31 894
32 68 1684
68 32 1684
32 98 1729
98 32 1729
32 82 2963
82 32 2963
32 42 4635
42 32 4635
32 92 4862
92 32 4862
32 90 1140
90 32 1140
32 87 3824
87 32 3824
32 79 2863
79 32 2863
32 62 6190
62 32 6190
32 50 1101
50 32 1101
32 61 6510
61 32 6510
32 70 3637
70 32 3637
32 72 126
72 32 126
32 64 4419
64 32 4419
32 77 5249
77 32 5249
32 73 1498
73 32 1498
32 54 3005
54 32 3005
32 76 1107
76 32 1107
32 65 1283
65 32 1283
32 37 5341
37 32 5341
32 40 3578
40 32 3578
32 59 4253
59 32 4253
32 52 4870
52 32 4870
32 78 5044
78 32 5044
32 80 6087
80 32 6087
32 46 3570
46 32 3570
32 75 410
75 32 410
32 89 4070
89 32 4070
32 41 3663
41 32 3663
33 72 2461
72 33 2461
33 95 1510
95 33 1510
33 41 4168
41 33 4168
33 44 5902
44 33 5902
33 50 4701
50 33 4701
33 53 3525
53 33 3525
33 94 3706
94 33 3706
33 39 3019
39 33 3019
33 61 6940
61 33 6940
33 45 4286
45 33 4286
33 79 18
79 33 18
33 52 6990
52 33 6990
33 80 1683
80 33 1683
33 82 1930
82 33 1930
33 55 1934
55 33 1934
33 84 2641
84 33 2641
33 87 4789
87 33 4789
33 64 4872
64 33 4872
33 59 3544
59 33 3544
33 99 7346
99 33 7346
33 40 5443
40 33 5443
33 69 610
69 33 610
33 58 1206
58 33 1206
33 49 6540
49 33 6540
33 63 3125
63 33 3125
33 76 5510
76 33 5510
33 60 3660
60 33 3660
33 91 6985
91 33 6985
33 65 4661
65 33 4661
33 54 857
54 33 857
33 51 7088
51 33 7088
33 88 2998
88 33 2998
33 68 5866
68 33 5866
33 62 1940
62 33 1940
33 57 3242
57 33 3242
34 81 4615
81 34 4615
34 73 7260
73 34 7260
34 44 6648
44 34 6648
34 41 4953
41 34 4953
34 90 440
90 34 440
34 97 1886
97 34 1886
34 64 6229
64 34 6229
34 75 57
75 34 57
34 69 3581
69 34 3581
34 79 3060
79 34 3060
34 58 4175
58 34 4175
34 99 4283
99 34 4283
34 85 6438
85 34 6438
34 35 7237
35 34 7237
34 53 4843
53 34 4843
34 88 1796
88 34 1796
34 38 1461
38 34 1461
34 56 3864
56 34 3864
34 96 6469
96 34 6469
34 66 2421
66 34 2421
34 98 7057
98 34 7057
34 78 5013
78 34 5013
34 71 6804
71 34 6804
34 59 3630
59 34 3630
34 62 2061
62 34 2061
34 70 1495
70 34 1495
34 50 839
50 34 839
34 52 590
52 34 590
34 55 1333
55 34 1333
34 91 4593
91 34 4593
34 83 271
83 34 271
34 82 2413
82 34 2413
34 42 6421
42 34 6421
35 71 7216
71 35 7216
35 65 3785
65 35 3785
35 98 5569
98 35 5569
35 58 1776
58 35 1776
35 54 3581
54 35 3581
35 69 3188
69 35 3188
35 68 3797
68 35 3797
35 97 5990
97 35 5990
35 81 1234
81 35 1234
35 91 621
91 35 621
35 93 2495
93 35 2495
35 73 5969
73 35 5969
35 51 4591
51 35 4591
35 72 3683
72 35 3683
35 55 757
55 35 757
35 78 5942
78 35 5942
35 70 1692
70 35 1692
35 60 420
60 35 420
35 43 5443
43 35 5443
35 56 2475
56 35 2475
35 84 1530
84 35 1530
35 50 1881
50 35 1881
35 44 4674
44 35 4674
35 66 6897
66 35 6897
35 52 7159
52 35 7159
35 63 5928
63 35 5928
35 92 4005
92 35 4005
35 88 5915
88 35 5915
35 74 4003
74 35 4003
35 80 3956
80 35 3956
35 67 4255
67 35 4255
35 42 4057
42 35 4057
35 83 4522
83 35 4522
35 57 2395
57 35 2395
35 37 7030
37 35 7030
35 61 3420
61 35 3420
35 76 6990
76 35 6990
35 99 6424
99 35 6424
36 97 646
97 36 646
36 99 4979
99 36 4979
36 41 7003
41 36 7003
36 78 2178
78 36 2178
36 39 5913
39 36 5913
36 76 4075
76 36 4075
36 58 7285
58 36 7285
36 92 2554
92 36 2554
36 74 5130
74 36 5130
36 40 1872
40 36 1872
36 44 7267
44 36 7267
36 83 5090
83 36 5090
36 75 272
75 36 272
36 61 2599
61 36 2599
36 68 3594
68 36 3594
36 45 3882
45 36 3882
36 49 4150
49 36 4150
36 71 822
71 36 822
36 65 5632
65 36 5632
36 43 4701
43 36 4701
36 70 1908
70 36 1908
36 51 893
51 36 893
36 59 4893
59 36 4893
36 73 1382
73 36 1382
36 50 6637
50 36 6637
36 90 6077
90 36 6077
36 56 1246
56 36 1246
36 81 2178
81 36 2178
36 86 1073
86 36 1073
36 93 5499
93 36 5499
36 37 6141
37 36 6141
37 57 2668
57 37 2668
37 92 3375
92 37 3375
37 52 5299
52 37 5299
37 98 6098
98 37 6098
37 40 752
40 37 752
37 77 3992
77 37 3992
37 50 4805
50 37 4805
37 45 152
45 37 152
37 82 4038
82 37 4038
37 39 31
39 37 31
37 67 6155
67 37 6155
37 38 5843
38 37 5843
37 88 1491
88 37 1491
37 89 6805
89 37 6805
37 69 5791
69 37 5791
37 71 5
71 37 5
37 59 466
59 37 466
37 87 3117
87 37 3117
37 81 3540
81 37 3540
37 65 1272
65 37 1272
37 80 6655
80 37 6655
37 58 1155
58 37 1155
37 68 2057
68 37 2057
37 47 7185
47 37 7185
37 90 2529
90 37 2529
37 99 6626
99 37 6626
37 95 7238
95 37 7238
37 62 6077
62 37 6077
37 85 4519
85 37 4519
37 70 3154
70 37 3154
37 76 6136
76 37 6136
38 75 6540
75 38 6540
38 65 4897
65 38 4897
38 87 4196
87 38 4196
38 68 2707
68 38 2707
38 79 7156
79 38 7156
38 99 5416
99 38 5416
38 44 2011
44 38 2011
38 91 6875
91 38 6875
38 39 5236
39 38 5236
38 53 6703
53 38 6703
38 92 2042
92 38 2042
38 83 4028
83 38 4028
38 66 4845
66 38 4845
38 62 4780
62 38 4780
38 52 267
52 38 267
38 57 220
57 38 220
38 80 2861
80 38 2861
38 88 6001
88 38 6001
38 45 4338
45 38 4338
38 60 4730
60 38 4730
38 96 2994
96 38 2994
38 48 7027
48 38 7027
38 90 3268
90 38 3268
38 70 410
70 38 410
38 67 6589
67 38 6589
38 50 7379
50 38 7379
39 71 1489
71 39 1489
39 93 6312
93 39 6312
39 49 6688
49 39 6688
39 42 1972
42 39 1972
39 70 5266
70 39 5266
39 51 5886
51 39 5886
39 86 67
86 39 67
39 43 1574
43 39 1574
39 83 5522
83 39 5522
39 80 2640
80 39 2640
39 90 5245
90 39 5245
39 60 4102
60 39 4102
39 46 3651
46 39 3651
39 96 1385
96 39 1385
39 94 1744
94 39 1744
39 44 7323
44 39 7323
39 78 3553
78 39 3553
39 81 325
81 39 325
39 74 972
74 39 972
39 40 6587
40 39 6587
39 48 6197
48 39 6197
39 89 6498
89 39 6498
39 59 3780
59 39 3780
39 82 1789
82 39 1789
39 88 191
88 39 191
39 68 3510
68 39 3510
39 95 6246
95 39 6246
39 85 5372
85 39 5372
39 62 3986
62 39 3986
40 50 7070
50 40 7070
40 66 5868
66 40 5868
40 41 7345
41 40 7345
40 70 1258
70 40 1258
40 67 6796
67 40 6796
40 92 4520
92 40 4520
40 89 7299
89 40 7299
40 87 972
87 40 972
40 64 4530
64 40 4530
40 51 5011
51 40 5011
40 68 5133
68 40 5133
40 71 1937
71 40 1937
40 90 3965
90 40 3965
40 98 4027
98 40 4027
40 97 2183
97 40 2183
40 82 1946
82 40 1946
40 99 6523
99 40 6523
40 81 2430
81 40 2430
40 79 3868
79 40 3868
40 55 5595
55 40 5595
40 60 319
60 40 319
40 49 3096
49 40 3096
40 95 6807
95 40 6807
40 88 7419
88 40 7419
40 56 3778
56 40 3778
40 57 3821
57 40 3821
40 74 5448
74 40 5448
40 47 2632
47 40 2632
40 62 6273
62 40 6273
40 61 5923
61 40 5923
41 70 4444
70 41 4444
41 87 4584
87 41 4584
41 88 1056
88 41 1056
41 55 1223
55 41 1223
41 82 4829
82 41 4829
41 51 6440
51 41 6440
41 94 2779
94 41 2779
41 79 295
79 41 295
41 93 4963
93 41 4963
41 53 7084
53 41 7084
41 76 4266
76 41 4266
41 63 4533
63 41 4533
41 89 148
89 41 148
41 96 5736
96 41 5736
41 95 1074
95 41 1074
41 68 238
68 41 238
41 83 4240
83 41 4240
41 59 2902
59 41 2902
41 60 5360
60 41 5360
41 50 969
50 41 969
41 74 4877
74 41 4877
41 64 2745
64 41 2745
41 81 3774
81 41 3774
41 84 5204
84 41 5204
41 92 1290
92 41 1290
41 91 4635
91 41 4635
41 72 2962
72 41 2962
41 85 1554
85 41 1554
41 71 18
71 41 18
42 82 1666
82 42 1666
42 95 6515
95 42 6515
42 52 4680
52 42 4680
42 84 1659
84 42 1659
42 66 3144
66 42 3144
42 78 7106
78 42 7106
42 50 3164
50 42 3164
42 91 6586
91 42 6586
42 90 419
90 42 419
42 80 1524
80 42 1524
42 68 1642
68 42 1642
42 46 5442
46 42 5442
42 71 2556
71 42 2556
42 79 1899
79 42 1899
42 85 5391
85 42 5391
42 58 3489
58 42 3489
42 59 4294
59 42 4294
42 61 3499
61 42 3499
42 43 1258
43 42 1258
42 45 6690
45 42 6690
42 53 228
53 42 228
42 92 1793
92 42 1793
42 65 4390
65 42 4390
42 75 1433
75 42 1433
42 56 3686
56 42 3686
42 63 270
63 42 270
42 60 3048
60 42 3048
42 70 1854
70 42 1854
42 67 3566
67 42 3566
42 98 1082
98 42 1082
43 65 6519
65 43 6519
43 45 3362
45 43 3362
43 91 4545
91 43 4545
43 58 6915
58 43 6915
43 69 6870
69 43 6870
43 94 5501
94 43 5501
43 46 5822
46 43 5822
43 71 2228
71 43 2228
43 56 2678
56 43 2678
43 74 141
74 43 141
43 52 471
52 43 471
43 89 2587
89 43 2587
43 86 2251
86 43 2251
43 96 4068
96 43 4068
43 99 3487
99 43 3487
43 88 479
88 43 479
43 61 3167
61 43 3167
43 72 3876
72 43 3876
43 62 6311
62 43 6311
43 57 2665
57 43 2665
43 55 4324
55 43 4324
43 70 2766
70 43 2766
43 79 3338
79 43 3338
43 92 1713
92 43 1713
43 97 1755
97 43 1755
43 47 1387
47 43 1387
43 48 1752
48 43 1752
43 53 3518
53 43 3518
43 64 4430
64 43 4430
43 68 1711
68 43 1711
43 63 7125
63 43 7125
44 67 1796
67 44 1796
44 55 3636
55 44 3636
44 61 1194
61 44 1194
44 72 928
72 44 928
44 85 1493
85 44 1493
44 45 1812
45 44 1812
44 94 7003
94 44 7003
44 75 336
75 44 336
44 64 5049
64 44 5049
44 84 1517
84 44 1517
44 48 2683
48 44 2683
44 97 1967
97 44 1967
44 77 2500
77 44 2500
44 96 2838
96 44 2838
44 58 620
58 44 620
44 53 5873
53 44 5873
44 59 3048
59 44 3048
44 69 2276
69 44 2276
44 65 2484
65 44 2484
44 70 194
70 44 194
44 46 3817
46 44 3817
44 66 6941
66 44 6941
44 83 7128
83 44 7128
45 49 2804
49 45 2804
45 97 5415
97 45 5415
45 90 4593
90 45 4593
45 95 2744
95 45 2744
45 77 7366
77 45 7366
45 78 2938
78 45 2938
45 96 3859
96 45 3859
45 52 4537
52 45 4537
45 82 5092
82 45 5092
45 56 938
56 45 938
45 46 6087
46 45 6087
45 64 558
64 45 558
45 79 7204
79 45 7204
45 94 3603
94 45 3603
45 65 1625
65 45 1625
45 93 3814
93 45 3814
45 70 6195
70 45 6195
45 85 7414
85 45 7414
45 67 2603
67 45 2603
45 75 6535
75 45 6535
45 92 6794
92 45 6794
45 86 6916
86 45 6916
45 60 4087
60 45 4087
45 98 4848
98 45 4848
46 76 2327
76 46 2327
46 56 421
56 46 421
46 58 7134
58 46 7134
46 69 5721
69 46 5721
46 84 1348
84 46 1348
46 64 6740
64 46 6740
46 77 94
77 46 94
46 92 594
92 46 594
46 85 1543
85 46 1543
46 52 5272
52 46 5272
46 68 955
68 46 955
46 50 606
50 46 606
46 80 5480
80 46 5480
46 47 1661
47 46 1661
46 63 25
63 46 25
46 98 2457
98 46 2457
46 53 2657
53 46 2657
46 90 5290
90 46 5290
46 88 2634
88 46 2634
46 65 3184
65 46 3184
46 78 131
78 46 131
46 91 2075
91 46 2075
46 82 855
82 46 855
46 61 1141
61 46 1141
46 97 6908
97 46 6908
46 96 1750
96 46 1750
46 62 5799
62 46 5799
46 66 6246
66 46 6246
46 57 3255
57 46 3255
46 67 2864
67 46 2864
46 81 4463
81 46 4463
46 55 342
55 46 342
47 56 6030
56 47 6030
47 63 420
63 47 420
47 61 7188
61 47 7188
47 59 4240
59 47 4240
47 91 1568
91 47 1568
47 94 2407
94 47 2407
47 93 3
93 47 3
47 97 4918
97 47 4918
47 81 2482
81 47 2482
47 48 620
48 47 620
47 72 6277
72 47 6277
47 88 2836
88 47 2836
47 66 5493
66 47 5493
47 50 1615
50 47 1615
47 83 283
83 47 283
47 57 1614
57 47 1614
47 76 4850
76 47 4850
47 87 3073
87 47 3073
47 67 6728
67 47 6728
47 69 648
69 47 648
47 73 278
73 47 278
47 78 6575
78 47 6575
47 64 2195
64 47 2195
47 98 5808
98 47 5808
47 53 724
53 47 724
47 89 5275
89 47 5275
47 58 1784
58 47 1784
47 62 6005
62 47 6005
47 79 5357
79 47 5357
48 85 880
85 48 880
48 97 5479
97 48 5479
48 89 1689
89 48 1689
48 87 1991
87 48 1991
48 79 5465
79 48 5465
48 56 3922
56 48 3922
48 64 2872
64 48 2872
48 55 372
55 48 372
48 83 6109
83 48 6109
48 77 4757
77 48 4757
48 71 5459
71 48 5459
48 61 2318
61 48 2318
48 90 2755
90 48 2755
48 93 1827
93 48 1827
48 53 4275
53 48 4275
48 95 1189
95 48 1189
48 65 4138
65 48 4138
48 92 4599
92 48 4599
48 59 5899
59 48 5899
48 78 4658
78 48 4658
48 58 570
58 48 570
48 86 2716
86 48 2716
48 84 3258
84 48 3258
48 69 6771
69 48 6771
49 95 4262
95 49 4262
49 86 4545
86 49 4545
49 67 1772
67 49 1772
49 84 127
84 49 127
49 65 1858
65 49 1858
49 55 954
55 49 954
49 99 5345
99 49 5345
49 63 5063
63 49 5063
49 68 3909
68 49 3909
49 82 1002
82 49 1002
49 93 73
93 49 73
49 64 7244
64 49 7244
49 77 5291
77 49 5291
49 50 6341
50 49 6341
49 90 4607
90 49 4607
49 92 306
92 49 306
49 71 374
71 49 374
49 72 3735
72 49 3735
49 53 2878
53 49 2878
49 75 6589
75 49 6589
49 73 4987
73 49 4987
49 56 6679
56 49 6679
50 88 4630
88 50 4630
50 63 4166
63 50 4166
50 79 1645
79 50 1645
50 98 4629
98 50 4629
50 80 5244
80 50 5244
50 66 2276
66 50 2276
50 73 2389
73 50 2389
50 54 5198
54 50 5198
50 78 2812
78 50 2812
50 59 3973
59 50 3973
50 95 2996
95 50 2996
50 87 3797
87 50 3797
50 97 565
97 50 565
50 60 4514
60 50 4514
50 52 5708
52 50 5708
50 92 1140
92 50 1140
50 81 924
81 50 924
50 62 1528
62 50 1528
50 89 650
89 50 650
50 69 3561
69 50 3561
50 93 142
93 50 142
50 76 2925
76 50 2925
51 66 2666
66 51 2666
51 98 3812
98 51 3812
51 91 4038
91 51 4038
51 82 4392
82 51 4392
51 79 4036
79 51 4036
51 56 429
56 51 429
51 54 2103
54 51 2103
51 58 1731
58 51 1731
51 88 4525
88 51 4525
51 73 5973
73 51 5973
51 92 1406
92 51 1406
51 87 3527
87 51 3527
51 90 1608
90 51 1608
51 89 71
89 51 71
51 96 5859
96 51 5859
51 99 6446
99 51 6446
