200 19900
0 74 14795
74 0 14795
0 5 13176
5 0 13176
0 80 10713
80 0 10713
0 163 9851
163 0 9851
0 57 11798
57 0 11798
0 76 29630
76 0 29630
0 109 29523
109 0 29523
0 158 449
158 0 449
0 190 19816
190 0 19816
0 160 24931
160 0 24931
0 70 8932
70 0 8932
0 172 291
172 0 291
0 53 11911
53 0 11911
0 145 9037
145 0 9037
0 123 25155
123 0 25155
0 13 28626
13 0 28626
0 45 25363
45 0 25363
0 186 28525
186 0 28525
0 8 10555
8 0 10555
0 82 16749
82 0 16749
0 28 8110
28 0 8110
0 191 3260
191 0 3260
0 66 5084
66 0 5084
0 18 2670
18 0 2670
0 94 21971
94 0 21971
0 129 6193
129 0 6193
0 51 20147
51 0 20147
0 126 2309
126 0 2309
0 56 21390
56 0 21390
0 132 5623
132 0 5623
0 31 28510
31 0 28510
0 63 18486
63 0 18486
0 55 2385
55 0 2385
0 11 25689
11 0 25689
0 40 14462
40 0 14462
0 116 1172
116 0 1172
0 184 13315
184 0 13315
0 43 2994
43 0 2994
0 42 17987
42 0 17987
0 179 16226
179 0 16226
0 108 15034
108 0 15034
0 103 26239
103 0 26239
0 49 7770
49 0 7770
0 1 21509
1 0 21509
0 135 27047
135 0 27047
0 136 22759
136 0 22759
0 46 2525
46 0 2525
0 125 15227
125 0 15227
0 183 18197
183 0 18197
0 138 22773
138 0 22773
0 185 249
185 0 249
0 146 16277
146 0 16277
0 122 11888
122 0 11888
0 192 26131
192 0 26131
0 152 10996
152 0 10996
0 118 5304
118 0 5304
0 155 29089
155 0 29089
0 44 25494
44 0 25494
0 98 2387
98 0 2387
0 36 16598
36 0 16598
0 71 28020
71 0 28020
0 140 22028
140 0 22028
0 181 3059
181 0 3059
0 58 28884
58 0 28884
0 29 13771
29 0 13771
0 17 25596
17 0 25596
0 54 22489
54 0 22489
0 110 9426
110 0 9426
0 12 18499
12 0 18499
0 198 24005
198 0 24005
0 32 8696
32 0 8696
0 101 15227
101 0 15227
0 170 4683
170 0 4683
0 121 23529
121 0 23529
0 78 20050
78 0 20050
0 52 13096
52 0 13096
0 7 28609
7 0 28609
0 10 3844
10 0 3844
0 96 13196
96 0 13196
0 85 422
85 0 422
0 141 1686
141 0 1686
0 84 2930
84 0 2930
0 194 16909
194 0 16909
0 193 2426
193 0 2426
0 176 17447
176 0 17447
0 165 19268
165 0 19268
0 91 20262
91 0 20262
0 142 29469
142 0 29469
0 131 24726
131 0 24726
1 117 24156
117 1 24156
1 8 19102
8 1 19102
1 137 24364
137 1 24364
1 16 5674
16 1 5674
1 20 518
20 1 518
1 169 14693
169 1 14693
1 51 8985
51 1 8985
1 180 18861
180 1 18861
1 99 10455
99 1 10455
1 174 6040
174 1 6040
1 67 11610
67 1 11610
1 166 9521
166 1 9521
1 82 4235
82 1 4235
1 109 6334
109 1 6334
1 81 3881
81 1 3881
1 159 28079
159 1 28079
1 19 10287
19 1 10287
1 114 25505
114 1 25505
1 92 26233
92 1 26233
1 46 2470
46 1 2470
1 178 9994
178 1 9994
1 186 26377
186 1 26377
1 62 12226
62 1 12226
1 126 23413
126 1 23413
1 190 24406
190 1 24406
1 101 25179
101 1 25179
1 90 17614
90 1 17614
1 5 26398
5 1 26398
1 165 22166
165 1 22166
1 151 24856
151 1 24856
1 161 15802
161 1 15802
1 41 25380
41 1 25380
1 13 3830
13 1 3830
1 143 12891
143 1 12891
1 112 743
112 1 743
1 84 12664
84 1 12664
1 73 4206
73 1 4206
1 121 1906
121 1 1906
1 193 22845
193 1 22845
1 113 12485
113 1 12485
1 130 16721
130 1 16721
1 187 18899
187 1 18899
1 181 2403
181 1 2403
1 38 25888
38 1 25888
1 168 10608
168 1 10608
1 145 22835
145 1 22835
1 184 5538
184 1 5538
1 7 2677
7 1 2677
1 70 5003
70 1 5003
1 96 29837
96 1 29837
1 116 26777
116 1 26777
1 118 22567
118 1 22567
1 162 26843
162 1 26843
1 167 16778
167 1 16778
1 14 661
14 1 661
1 2 15831
2 1 15831
1 85 27155
85 1 27155
1 87 12177
87 1 12177
1 39 17801
39 1 17801
1 88 8708
88 1 8708
1 198 8297
198 1 8297
1 42 27897
42 1 27897
1 45 1381
45 1 1381
1 66 26460
66 1 26460
1 155 8478
155 1 8478
1 71 29297
71 1 29297
1 138 875
138 1 875
1 18 15867
18 1 15867
1 9 27981
9 1 27981
1 83 10988
83 1 10988
1 132 21457
132 1 21457
1 194 15354
194 1 15354
1 144 4126
144 1 4126
1 176 29439
176 1 29439
1 23 7142
23 1 7142
1 68 28791
68 1 28791
1 31 673
31 1 673
1 37 27463
37 1 27463
1 55 21958
55 1 21958
1 10 22602
10 1 22602
1 54 136
54 1 136
1 22 27567
22 1 27567
1 52 7099
52 1 7099
1 102 12073
102 1 12073
1 173 15805
173 1 15805
1 33 17906
33 1 17906
1 86 6644
86 1 6644
1 185 24502
185 1 24502
1 12 25869
12 1 25869
1 27 25215
27 1 25215
1 60 21936
60 1 21936
1 182 24927
182 1 24927
1 156 27780
156 1 27780
1 131 20497
131 1 20497
1 75 4690
75 1 4690
1 77 19492
77 1 19492
1 57 18310
57 1 18310
1 63 6797
63 1 6797
2 130 8132
130 2 8132
2 4 7002
4 2 7002
2 157 18920
157 2 18920
2 147 341
147 2 341
2 117 9190
117 2 9190
2 92 18628
92 2 18628
2 100 5547
100 2 5547
2 151 29580
151 2 29580
2 81 24246
81 2 24246
2 95 26163
95 2 26163
2 91 6787
91 2 6787
2 154 8271
154 2 8271
2 78 12626
78 2 12626
2 115 13296
115 2 13296
2 68 11754
68 2 11754
2 47 18348
47 2 18348
2 49 27671
49 2 27671
2 124 29158
124 2 29158
2 11 8176
11 2 8176
2 66 26605
66 2 26605
2 146 9947
146 2 9947
2 186 4410
186 2 4410
2 39 25039
39 2 25039
2 116 28004
116 2 28004
2 13 14844
13 2 14844
2 69 13283
69 2 13283
2 127 29394
127 2 29394
2 112 25326
112 2 25326
2 173 9741
173 2 9741
2 153 13927
153 2 13927
2 152 13333
152 2 13333
2 104 29238
104 2 29238
2 149 24470
149 2 24470
2 191 2324
191 2 2324
2 76 28195
76 2 28195
2 84 14215
84 2 14215
2 18 24712
18 2 24712
2 37 18665
37 2 18665
2 80 13624
80 2 13624
2 93 16297
93 2 16297
2 165 5094
165 2 5094
2 158 18329
158 2 18329
2 27 6666
27 2 6666
2 97 16889
97 2 16889
2 35 27220
35 2 27220
2 41 16286
41 2 16286
2 150 29172
150 2 29172
2 32 26023
32 2 26023
2 185 6453
185 2 6453
2 89 310
89 2 310
2 193 11208
193 2 11208
2 102 11971
102 2 11971
2 144 19495
144 2 19495
2 111 6867
111 2 6867
2 88 6354
88 2 6354
2 26 4137
26 2 4137
2 72 6170
72 2 6170
2 108 18364
108 2 18364
2 181 23669
181 2 23669
2 12 28261
12 2 28261
2 161 19612
161 2 19612
2 31 23134
31 2 23134
2 28 25664
28 2 25664
2 180 13846
180 2 13846
2 138 28232
138 2 28232
2 54 22786
54 2 22786
2 135 12575
135 2 12575
2 67 21379
67 2 21379
2 79 26085
79 2 26085
2 65 13346
65 2 13346
2 51 16036
51 2 16036
2 83 7225
83 2 7225
2 143 9173
143 2 9173
2 50 20992
50 2 20992
2 198 28071
198 2 28071
2 59 20095
59 2 20095
2 120 26291
120 2 26291
2 6 27420
6 2 27420
2 156 15795
156 2 15795
2 121 10114
121 2 10114
2 40 5509
40 2 5509
2 9 22603
9 2 22603
2 34 20908
34 2 20908
2 25 21781
25 2 21781
2 155 828
155 2 828
2 70 16628
70 2 16628
2 96 15392
96 2 15392
2 52 24672
52 2 24672
2 114 26991
114 2 26991
2 101 695
101 2 695
2 145 15680
145 2 15680
2 20 14374
20 2 14374
3 17 15382
17 3 15382
3 146 28647
146 3 28647
3 196 27721
196 3 27721
3 110 13257
110 3 13257
3 173 16344
173 3 16344
3 113 1912
113 3 1912
3 4 16984
4 3 16984
3 108 20357
108 3 20357
3 131 4884
131 3 4884
3 77 13014
77 3 13014
3 15 6335
15 3 6335
3 151 27747
151 3 27747
3 46 24267
46 3 24267
3 74 23393
74 3 23393
3 156 16683
156 3 16683
3 55 23359
55 3 23359
3 88 15741
88 3 15741
3 16 26227
16 3 26227
3 31 3337
31 3 3337
3 197 516
197 3 516
3 63 161
63 3 161
3 150 655
150 3 655
3 166 26224
166 3 26224
3 181 28806
181 3 28806
3 117 11255
117 3 11255
3 47 5953
47 3 5953
3 107 25458
107 3 25458
3 130 28730
130 3 28730
3 57 24645
57 3 24645
3 190 7288
190 3 7288
3 133 6951
133 3 6951
3 28 7732
28 3 7732
3 167 28604
167 3 28604
3 5 15694
5 3 15694
3 52 843
52 3 843
3 170 23841
170 3 23841
3 33 3118
33 3 3118
3 96 27640
96 3 27640
3 79 3052
79 3 3052
3 154 20787
154 3 20787
3 90 26672
90 3 26672
3 111 16547
111 3 16547
3 177 4676
177 3 4676
3 175 22538
175 3 22538
3 12 28116
12 3 28116
3 152 12977
152 3 12977
3 164 22141
164 3 22141
3 6 4686
6 3 4686
3 123 29079
123 3 29079
3 19 26853
19 3 26853
3 93 21595
93 3 21595
3 67 5319
67 3 5319
3 11 15254
11 3 15254
3 179 2157
179 3 2157
3 187 15106
187 3 15106
3 81 5532
81 3 5532
3 176 10795
176 3 10795
3 23 20987
23 3 20987
3 172 5698
172 3 5698
3 109 6545
109 3 6545
3 180 25730
180 3 25730
3 105 11559
105 3 11559
3 24 10010
24 3 10010
3 62 15129
62 3 15129
3 56 4915
56 3 4915
3 100 16392
100 3 16392
3 65 3435
65 3 3435
3 7 20201
7 3 20201
3 191 8419
191 3 8419
3 132 14666
132 3 14666
3 174 5516
174 3 5516
3 102 7895
102 3 7895
3 182 1691
182 3 1691
3 160 193
160 3 193
3 26 3153
26 3 3153
3 122 23739
122 3 23739
3 42 25549
42 3 25549
3 25 15437
25 3 15437
3 91 16387
91 3 16387
3 103 14617
103 3 14617
3 106 24266
106 3 24266
3 14 17621
14 3 17621
3 128 11596
128 3 11596
3 43 3658
43 3 3658
3 71 8792
71 3 8792
3 127 11103
127 3 11103
3 153 26019
153 3 26019
3 27 15303
27 3 15303
3 143 21071
143 3 21071
4 160 20295
160 4 20295
4 53 2838
53 4 2838
4 91 27141
91 4 27141
4 97 29038
97 4 29038
4 144 6963
144 4 6963
4 139 4193
139 4 4193
4 57 5211
57 4 5211
4 131 12371
131 4 12371
4 158 13005
158 4 13005
4 199 3401
199 4 3401
4 7 9448
7 4 9448
4 187 13825
187 4 13825
4 13 556
13 4 556
4 161 4112
161 4 4112
4 12 26757
12 4 26757
4 78 28984
78 4 28984
4 100 19752
100 4 19752
4 128 27292
128 4 27292
4 163 13864
163 4 13864
4 181 5278
181 4 5278
4 31 20647
31 4 20647
4 21 18912
21 4 18912
4 72 9204
72 4 9204
4 184 15734
184 4 15734
4 62 20573
62 4 20573
4 111 12415
111 4 12415
4 32 24929
32 4 24929
4 15 25623
15 4 25623
4 116 28666
116 4 28666
4 136 12696
136 4 12696
4 75 14786
75 4 14786
4 68 13194
68 4 13194
4 89 20593
89 4 20593
4 179 9735
179 4 9735
4 42 20852
42 4 20852
4 51 2399
51 4 2399
4 25 14552
25 4 14552
4 24 585
24 4 585
4 173 562
173 4 562
4 50 21054
50 4 21054
4 135 29109
135 4 29109
4 61 8606
61 4 8606
4 66 7125
66 4 7125
4 95 17865
95 4 17865
4 90 5951
90 4 5951
4 30 4319
30 4 4319
4 191 10065
191 4 10065
4 76 15384
76 4 15384
4 107 7338
107 4 7338
4 67 28942
67 4 28942
4 118 6335
118 4 6335
4 198 17103
198 4 17103
4 140 18268
140 4 18268
4 114 29478
114 4 29478
4 87 9828
87 4 9828
4 17 225
17 4 225
4 174 6081
174 4 6081
4 73 15265
73 4 15265
4 115 13302
115 4 13302
4 110 14393
110 4 14393
4 109 17941
109 4 17941
4 105 10317
105 4 10317
4 80 19168
80 4 19168
4 156 13708
156 4 13708
4 123 6541
123 4 6541
4 23 28520
23 4 28520
4 149 24769
149 4 24769
4 49 23396
49 4 23396
4 137 11846
137 4 11846
4 36 8790
36 4 8790
4 63 18052
63 4 18052
4 196 1671
196 4 1671
4 120 1188
120 4 1188
4 27 21131
27 4 21131
4 154 29365
154 4 29365
4 168 19312
168 4 19312
4 39 20767
39 4 20767
4 94 21667
94 4 21667
4 6 26963
6 4 26963
4 133 4495
133 4 4495
4 64 11678
64 4 11678
4 9 24128
9 4 24128
4 166 29244
166 4 29244
4 16 19138
16 4 19138
4 182 26693
182 4 26693
4 101 14120
101 4 14120
4 122 6391
122 4 6391
4 142 5792
142 4 5792
4 130 4933
130 4 4933
4 171 27654
171 4 27654
4 14 28924
14 4 28924
4 108 3055
108 4 3055
4 190 13536
190 4 13536
4 170 10801
170 4 10801
4 143 17094
143 4 17094
4 55 18989
55 4 18989
4 45 28773
45 4 28773
4 44 15207
44 4 15207
4 127 6870
127 4 6870
4 79 6502
79 4 6502
4 40 28669
40 4 28669
5 45 24243
45 5 24243
5 150 17431
150 5 17431
5 48 21408
48 5 21408
5 159 14486
159 5 14486
5 97 1404
97 5 1404
5 21 12253
21 5 12253
5 34 12015
34 5 12015
5 14 23578
14 5 23578
5 44 4542
44 5 4542
5 99 16551
99 5 16551
5 126 6640
126 5 6640
5 29 17676
29 5 17676
5 193 26477
193 5 26477
5 111 18463
111 5 18463
5 7 13454
7 5 13454
5 192 13269
192 5 13269
5 162 3212
162 5 3212
5 76 29126
76 5 29126
5 95 21441
95 5 21441
5 107 28082
107 5 28082
5 151 29831
151 5 29831
5 70 8536
70 5 8536
5 61 11493
61 5 11493
5 17 28145
17 5 28145
5 59 10402
59 5 10402
5 65 4578
65 5 4578
5 176 10639
176 5 10639
5 168 928
168 5 928
5 140 26523
140 5 26523
5 67 3062
67 5 3062
5 123 5950
123 5 5950
5 125 20213
125 5 20213
5 53 17705
53 5 17705
5 130 19472
130 5 19472
5 85 13538
85 5 13538
5 9 17463
9 5 17463
5 149 23926
149 5 23926
5 77 5618
77 5 5618
5 198 5073
198 5 5073
5 182 24669
182 5 24669
5 73 28837
73 5 28837
5 72 9576
72 5 9576
5 25 12570
25 5 12570
5 23 5105
23 5 5105
5 27 25185
27 5 25185
5 69 11350
69 5 11350
5 173 25468
173 5 25468
5 136 7703
136 5 7703
5 115 4823
115 5 4823
5 175 24115
175 5 24115
5 135 8801
135 5 8801
5 39 13601
39 5 13601
5 138 3683
138 5 3683
5 122 5552
122 5 5552
5 119 29327
119 5 29327
5 20 1599
20 5 1599
5 197 18035
197 5 18035
5 56 19468
56 5 19468
5 147 5067
147 5 5067
5 118 27996
118 5 27996
5 112 18374
112 5 18374
5 58 20652
58 5 20652
5 19 14944
19 5 14944
5 190 7564
190 5 7564
5 116 20852
116 5 20852
5 83 10466
83 5 10466
5 40 24862
40 5 24862
5 179 10015
179 5 10015
5 26 11993
26 5 11993
5 33 22018
33 5 22018
5 184 7523
184 5 7523
5 51 6750
51 5 6750
5 32 15835
32 5 15835
5 156 29527
156 5 29527
5 46 15499
46 5 15499
5 163 25971
163 5 25971
5 172 9383
172 5 9383
5 96 19750
96 5 19750
5 101 17410
101 5 17410
5 102 2918
102 5 2918
5 104 15645
104 5 15645
5 11 6198
11 5 6198
5 84 15433
84 5 15433
5 117 10191
117 5 10191
5 98 20035
98 5 20035
5 88 991
88 5 991
5 141 2588
141 5 2588
5 154 25082
154 5 25082
5 78 7170
78 5 7170
5 55 13691
55 5 13691
5 178 7697
178 5 7697
5 137 262
137 5 262
5 181 2168
181 5 2168
5 114 7563
114 5 7563
5 106 1949
106 5 1949
5 132 2504
132 5 2504
5 75 28459
75 5 28459
5 18 5188
18 5 5188
5 199 11776
199 5 11776
5 50 24837
50 5 24837
5 92 22548
92 5 22548
5 31 14782
31 5 14782
5 15 9482
15 5 9482
5 36 3841
36 5 3841
5 165 5403
165 5 5403
5 109 551
109 5 551
5 52 19662
52 5 19662
5 81 2544
81 5 2544
5 153 28655
153 5 28655
5 189 6567
189 5 6567
5 94 22966
94 5 22966
6 58 25723
58 6 25723
6 169 2281
169 6 2281
6 168 25772
168 6 25772
6 53 26533
53 6 26533
6 187 8515
187 6 8515
6 35 7067
35 6 7067
6 73 3268
73 6 3268
6 139 23722
139 6 23722
6 9 7946
9 6 7946
6 193 18969
193 6 18969
6 76 18354
76 6 18354
6 84 18384
84 6 18384
6 55 24826
55 6 24826
6 123 23981
123 6 23981
6 92 13761
92 6 13761
6 189 6255
189 6 6255
6 178 1325
178 6 1325
6 16 24636
16 6 24636
6 196 13602
196 6 13602
6 173 8140
173 6 8140
6 40 14356
40 6 14356
6 34 1784
34 6 1784
6 195 18597
195 6 18597
6 197 26213
197 6 26213
6 126 22871
126 6 22871
6 159 6912
159 6 6912
6 162 9307
162 6 9307
6 75 22183
75 6 22183
6 153 1953
153 6 1953
6 156 20123
156 6 20123
6 32 11072
32 6 11072
6 18 25153
18 6 25153
6 146 7717
146 6 7717
6 194 5597
194 6 5597
6 106 25389
106 6 25389
6 26 11073
26 6 11073
6 52 6518
52 6 6518
6 175 23855
175 6 23855
6 183 15117
183 6 15117
6 38 13866
38 6 13866
6 91 7167
91 6 7167
6 24 29073
24 6 29073
6 192 25747
192 6 25747
6 151 9128
151 6 9128
6 50 5721
50 6 5721
6 121 22779
121 6 22779
6 129 19483
129 6 19483
6 95 2613
95 6 2613
6 179 20069
179 6 20069
6 134 28372
134 6 28372
6 47 20267
47 6 20267
6 158 24985
158 6 24985
6 154 12158
154 6 12158
6 124 21329
124 6 21329
6 7 21898
7 6 21898
6 65 17515
65 6 17515
6 137 9064
137 6 9064
6 103 20123
103 6 20123
6 28 14889
28 6 14889
6 25 9442
25 6 9442
6 110 9573
110 6 9573
6 12 26545
12 6 26545
6 190 23059
190 6 23059
6 164 26525
164 6 26525
6 56 24947
56 6 24947
6 163 20020
163 6 20020
6 170 22381
170 6 22381
6 188 20678
188 6 20678
6 117 29389
117 6 29389
6 125 22411
125 6 22411
6 107 9773
107 6 9773
6 96 17649
96 6 17649
6 88 4458
88 6 4458
6 104 2092
104 6 2092
6 44 12435
44 6 12435
6 98 21752
98 6 21752
6 67 2198
67 6 2198
6 108 11281
108 6 11281
6 185 6128
185 6 6128
6 133 27992
133 6 27992
6 177 22992
177 6 22992
6 165 24941
165 6 24941
6 69 17501
69 6 17501
6 130 23857
130 6 23857
6 152 17288
152 6 17288
6 89 2022
89 6 2022
6 155 19966
155 6 19966
6 43 5285
43 6 5285
6 54 1459
54 6 1459
6 160 17691
160 6 17691
6 94 1601
94 6 1601
6 127 20318
127 6 20318
6 181 26396
181 6 26396
6 64 13974
64 6 13974
6 77 28063
77 6 28063
6 199 15488
199 6 15488
6 132 16270
132 6 16270
7 51 17633
51 7 17633
7 109 15711
109 7 15711
7 130 11324
130 7 11324
7 101 20772
101 7 20772
7 14 14731
14 7 14731
7 81 6081
81 7 6081
7 175 25264
175 7 25264
7 155 3047
155 7 3047
7 127 15543
127 7 15543
7 133 324
133 7 324
7 189 5370
189 7 5370
7 22 26761
22 7 26761
7 36 13528
36 7 13528
7 75 7627
75 7 7627
7 138 24641
138 7 24641
7 77 4607
77 7 4607
7 59 10840
59 7 10840
7 33 14785
33 7 14785
7 162 5182
162 7 5182
7 98 6626
98 7 6626
7 135 9443
135 7 9443
7 48 21082
48 7 21082
7 71 27539
71 7 27539
7 41 20313
41 7 20313
7 136 16272
136 7 16272
7 147 23185
147 7 23185
7 91 16302
91 7 16302
7 167 8598
167 7 8598
7 117 23458
117 7 23458
7 141 9517
141 7 9517
7 149 10507
149 7 10507
7 161 12521
161 7 12521
7 126 16064
126 7 16064
7 68 17072
68 7 17072
7 139 11691
139 7 11691
7 62 6009
62 7 6009
7 186 3468
186 7 3468
7 157 25092
157 7 25092
7 156 5750
156 7 5750
7 46 7796
46 7 7796
7 83 13912
83 7 13912
7 26 7697
26 7 7697
7 181 4253
181 7 4253
7 102 12065
102 7 12065
7 85 18307
85 7 18307
7 15 13561
15 7 13561
7 24 18900
24 7 18900
7 99 19984
99 7 19984
7 38 17149
38 7 17149
7 168 2210
168 7 2210
7 166 8054
166 7 8054
7 169 29548
169 7 29548
7 192 7977
192 7 7977
7 30 6284
30 7 6284
7 140 21072
140 7 21072
7 35 25838
35 7 25838
7 131 22076
131 7 22076
7 94 27370
94 7 27370
7 57 7481
57 7 7481
7 158 15973
158 7 15973
7 163 21247
163 7 21247
7 108 21214
108 7 21214
7 122 7083
122 7 7083
7 49 28603
49 7 28603
7 100 14753
100 7 14753
7 187 19766
187 7 19766
7 164 8804
164 7 8804
7 31 11431
31 7 11431
7 53 3765
53 7 3765
7 21 11567
21 7 11567
7 121 28706
121 7 28706
7 154 22931
154 7 22931
7 93 23993
93 7 23993
7 125 16152
125 7 16152
7 193 19965
193 7 19965
7 27 3726
27 7 3726
7 32 13106
32 7 13106
7 176 25247
176 7 25247
7 80 25166
80 7 25166
7 199 25257
199 7 25257
7 25 13517
25 7 13517
7 146 24154
146 7 24154
7 73 11597
73 7 11597
7 55 29462
55 7 29462
7 37 23486
37 7 23486
7 129 18867
129 7 18867
7 179 18889
179 7 18889
7 165 14665
165 7 14665
8 89 29025
89 8 29025
8 125 18162
125 8 18162
8 23 14333
23 8 14333
8 153 5096
153 8 5096
8 184 22529
184 8 22529
8 124 7863
124 8 7863
8 80 13865
80 8 13865
8 144 19998
144 8 19998
8 90 8660
90 8 8660
8 26 19306
26 8 19306
8 78 22473
78 8 22473
8 72 7385
72 8 7385
8 196 9504
196 8 9504
8 70 184
70 8 184
8 175 29694
175 8 29694
8 31 1985
31 8 1985
8 34 11995
34 8 11995
8 180 20570
180 8 20570
8 149 4411
149 8 4411
8 62 6087
62 8 6087
8 185 7392
185 8 7392
8 32 11498
32 8 11498
8 53 26500
53 8 26500
8 194 7884
194 8 7884
8 56 9366
56 8 9366
8 192 27223
192 8 27223
8 13 23389
13 8 23389
8 128 25369
128 8 25369
8 176 25777
176 8 25777
8 160 23622
160 8 23622
8 20 19327
20 8 19327
8 74 21464
74 8 21464
8 65 27656
65 8 27656
8 186 14986
186 8 14986
8 18 8117
18 8 8117
8 98 9933
98 8 9933
8 67 19276
67 8 19276
8 167 7615
167 8 7615
8 14 15937
14 8 15937
8 93 13810
93 8 13810
8 121 3228
121 8 3228
8 40 13407
40 8 13407
8 94 4860
94 8 4860
8 33 4141
33 8 4141
8 66 21016
66 8 21016
8 189 24772
189 8 24772
8 96 8548
96 8 8548
8 97 23970
97 8 23970
8 55 12899
55 8 12899
8 152 29173
152 8 29173
8 36 12975
36 8 12975
8 109 28985
109 8 28985
8 163 6995
163 8 6995
8 181 3831
181 8 3831
8 83 17538
83 8 17538
8 162 3886
162 8 3886
8 27 5976
27 8 5976
8 43 25835
43 8 25835
8 29 25394
29 8 25394
8 179 11701
179 8 11701
8 24 29770
24 8 29770
8 126 1073
126 8 1073
8 112 2621
112 8 2621
8 137 23401
137 8 23401
8 177 15474
177 8 15474
8 99 9861
99 8 9861
8 45 2167
45 8 2167
8 58 19663
58 8 19663
8 19 984
19 8 984
8 86 16502
86 8 16502
8 16 24447
16 8 24447
8 198 6916
198 8 6916
8 59 20433
59 8 20433
8 199 15132
199 8 15132
8 122 15320
122 8 15320
8 138 1454
138 8 1454
8 44 9865
44 8 9865
8 60 9784
60 8 9784
8 174 15297
174 8 15297
8 195 8199
195 8 8199
8 73 13142
73 8 13142
8 88 26927
88 8 26927
8 95 14933
95 8 14933
8 42 3522
42 8 3522
8 71 8233
71 8 8233
8 81 21400
81 8 21400
8 82 2033
82 8 2033
8 115 13182
115 8 13182
8 92 3001
92 8 3001
8 164 24482
164 8 24482
8 171 12359
171 8 12359
8 130 25672
130 8 25672
8 120 8849
120 8 8849
8 15 21005
15 8 21005
8 190 25277
190 8 25277
8 166 28820
166 8 28820
8 76 17221
76 8 17221
8 51 27676
51 8 27676
8 159 27289
159 8 27289
8 87 12440
87 8 12440
9 49 18838
49 9 18838
9 98 10897
98 9 10897
9 45 13316
45 9 13316
9 141 29452
141 9 29452
9 40 24605
40 9 24605
9 91 21128
91 9 21128
9 155 14800
155 9 14800
9 157 9328
157 9 9328
9 184 22972
184 9 22972
9 42 18643
42 9 18643
9 199 19598
199 9 19598
9 80 6381
80 9 6381
9 17 8563
17 9 8563
9 139 21969
139 9 21969
9 148 9494
148 9 9494
9 18 13452
18 9 13452
9 182 22601
182 9 22601
9 56 13357
56 9 13357
9 126 7136
126 9 7136
9 142 23477
142 9 23477
9 168 8291
168 9 8291
9 138 6488
138 9 6488
9 97 20426
97 9 20426
9 116 3659
116 9 3659
9 146 27616
146 9 27616
9 179 26811
179 9 26811
9 123 24314
123 9 24314
9 36 17797
36 9 17797
9 78 18719
78 9 18719
9 104 10286
104 9 10286
9 151 16331
151 9 16331
9 171 24930
171 9 24930
9 173 11676
173 9 11676
9 86 18794
86 9 18794
9 69 10333
69 9 10333
9 52 21782
52 9 21782
9 130 3587
130 9 3587
9 188 14691
188 9 14691
9 122 12886
122 9 12886
9 35 20467
35 9 20467
9 177 13503
177 9 13503
9 23 8765
23 9 8765
9 19 28965
19 9 28965
9 195 13042
195 9 13042
9 192 16124
192 9 16124
9 108 19361
108 9 19361
9 96 19714
96 9 19714
9 185 29806
185 9 29806
9 124 5546
124 9 5546
9 115 13979
115 9 13979
9 95 2853
95 9 2853
9 37 12738
37 9 12738
9 103 20476
103 9 20476
9 198 19940
198 9 19940
9 114 28157
114 9 28157
9 53 17206
53 9 17206
9 164 18681
164 9 18681
9 196 23270
196 9 23270
9 61 28381
61 9 28381
9 50 8198
50 9 8198
9 81 5498
81 9 5498
9 118 13822
118 9 13822
9 75 19782
75 9 19782
9 31 8594
31 9 8594
9 47 26349
47 9 26349
9 14 10120
14 9 10120
9 26 3380
26 9 3380
9 13 19052
13 9 19052
9 27 6224
27 9 6224
9 149 13527
149 9 13527
9 178 25498
178 9 25498
9 127 24143
127 9 24143
9 143 4426
143 9 4426
9 186 4512
186 9 4512
9 166 17263
166 9 17263
9 41 23542
41 9 23542
9 153 22441
153 9 22441
9 176 26789
176 9 26789
9 83 26405
83 9 26405
9 183 21259
183 9 21259
9 74 20325
74 9 20325
9 113 2730
113 9 2730
10 108 21178
108 10 21178
10 87 1010
87 10 1010
10 169 25613
169 10 25613
10 195 12611
195 10 12611
10 50 25341
50 10 25341
10 69 7260
69 10 7260
10 37 24243
37 10 24243
10 90 23122
90 10 23122
10 191 11186
191 10 11186
10 94 16320
94 10 16320
10 133 2717
133 10 2717
10 91 22892
91 10 22892
10 16 12144
16 10 12144
10 173 27829
173 10 27829
10 198 10119
198 10 10119
10 143 22147
143 10 22147
10 151 2950
151 10 2950
10 136 16129
136 10 16129
10 111 26599
111 10 26599
10 43 3725
43 10 3725
10 78 708
78 10 708
10 141 26067
141 10 26067
10 71 17765
71 10 17765
10 193 875
193 10 875
10 56 13583
56 10 13583
10 112 6901
112 10 6901
10 35 985
35 10 985
10 89 3524
89 10 3524
10 142 6063
142 10 6063
10 25 20675
25 10 20675
10 75 17468
75 10 17468
10 45 26798
45 10 26798
10 22 25143
22 10 25143
10 40 11190
40 10 11190
10 184 1544
184 10 1544
10 135 23980
135 10 23980
10 165 10129
165 10 10129
10 84 20441
84 10 20441
10 53 21241
53 10 21241
10 179 16488
179 10 16488
10 81 14992
81 10 14992
10 188 9430
188 10 9430
10 18 2719
18 10 2719
10 138 20120
138 10 20120
10 61 13961
61 10 13961
10 77 15188
77 10 15188
10 99 27135
99 10 27135
10 127 7074
127 10 7074
10 47 557
47 10 557
10 104 22142
104 10 22142
10 80 13185
80 10 13185
10 158 19242
158 10 19242
10 131 11014
131 10 11014
10 139 23267
139 10 23267
10 190 26480
190 10 26480
10 83 27780
83 10 27780
10 105 11849
105 10 11849
10 68 4393
68 10 4393
10 64 27654
64 10 27654
10 65 10585
65 10 10585
10 167 26302
167 10 26302
10 34 6009
34 10 6009
10 44 7874
44 10 7874
10 181 14966
181 10 14966
10 48 6213
48 10 6213
10 161 25677
161 10 25677
10 101 16850
101 10 16850
10 82 18422
82 10 18422
10 107 24627
107 10 24627
10 51 19458
51 10 19458
10 29 11265
29 10 11265
10 166 14401
166 10 14401
10 192 15410
192 10 15410
10 168 18425
168 10 18425
10 59 23104
59 10 23104
10 132 16162
132 10 16162
10 140 21965
140 10 21965
10 157 2837
157 10 2837
10 197 17497
197 10 17497
10 13 15322
13 10 15322
10 123 4537
123 10 4537
10 163 24762
163 10 24762
10 109 7351
109 10 7351
10 21 18355
21 10 18355
10 137 24514
137 10 24514
11 50 9463
50 11 9463
11 149 8112
149 11 8112
11 194 6041
194 11 6041
11 163 1313
163 11 1313
11 115 23191
115 11 23191
11 178 22795
178 11 22795
11 68 23898
68 11 23898
11 122 8557
122 11 8557
11 131 24674
131 11 24674
11 164 8216
164 11 8216
11 78 18831
78 11 18831
11 152 29400
152 11 29400
11 126 11269
126 11 11269
11 103 8656
103 11 8656
11 128 12874
128 11 12874
11 150 7821
150 11 7821
11 156 13948
156 11 13948
11 49 14228
49 11 14228
11 183 1567
183 11 1567
11 52 4416
52 11 4416
11 148 5478
148 11 5478
11 169 28599
169 11 28599
11 108 22193
108 11 22193
11 109 22412
109 11 22412
11 197 10265
197 11 10265
11 94 27297
94 11 27297
11 198 18604
198 11 18604
11 47 11063
47 11 11063
11 26 12678
26 11 12678
11 195 26470
195 11 26470
11 119 10534
119 11 10534
11 35 19603
35 11 19603
11 39 13283
39 11 13283
11 36 10878
36 11 10878
11 16 6884
16 11 6884
11 124 15840
124 11 15840
11 133 3354
133 11 3354
11 114 24003
114 11 24003
11 80 29226
80 11 29226
11 104 4873
104 11 4873
11 116 21621
116 11 21621
11 70 429
70 11 429
11 145 17558
145 11 17558
11 141 10930
141 11 10930
11 27 5944
27 11 5944
11 18 28411
18 11 28411
11 79 8562
79 11 8562
11 185 5639
185 11 5639
11 186 3437
186 11 3437
11 187 10639
187 11 10639
11 14 718
14 11 718
11 72 28655
72 11 28655
11 165 15218
165 11 15218
11 29 3041
29 11 3041
11 189 21537
189 11 21537
11 24 9206
24 11 9206
11 161 14258
161 11 14258
11 196 27165
196 11 27165
11 92 6662
92 11 6662
11 151 19084
151 11 19084
11 76 2202
76 11 2202
11 25 25476
25 11 25476
11 184 25868
184 11 25868
11 102 8857
102 11 8857
11 90 18980
90 11 18980
11 125 4022
125 11 4022
11 171 15231
171 11 15231
11 105 21084
105 11 21084
11 190 16328
190 11 16328
11 20 18337
20 11 18337
11 65 17147
65 11 17147
11 137 13376
137 11 13376
11 140 12113
140 11 12113
11 58 6284
58 11 6284
11 193 6553
193 11 6553
11 93 11064
93 11 11064
11 86 24497
86 11 24497
11 48 29233
48 11 29233
11 38 11064
38 11 11064
11 82 7180
82 11 7180
11 123 14251
123 11 14251
11 172 23211
172 11 23211
11 13 2100
13 11 2100
11 41 25802
41 11 25802
11 28 6417
28 11 6417
11 191 6
191 11 6
11 98 21269
98 11 21269
11 31 26376
31 11 26376
12 36 4552
36 12 4552
12 84 6744
84 12 6744
12 197 8887
197 12 8887
12 175 7581
175 12 7581
12 56 24737
56 12 24737
12 102 9149
102 12 9149
12 78 26986
78 12 26986
12 183 13018
183 12 13018
12 18 26063
18 12 26063
12 163 15377
163 12 15377
12 134 2643
134 12 2643
12 64 5321
64 12 5321
12 127 3448
127 12 3448
12 38 19228
38 12 19228
12 123 28960
123 12 28960
12 61 9995
61 12 9995
12 43 8235
43 12 8235
12 58 12566
58 12 12566
12 79 750
79 12 750
12 112 16913
112 12 16913
12 110 14084
110 12 14084
12 199 1765
199 12 1765
12 128 26734
128 12 26734
12 155 9631
155 12 9631
12 14 25358
14 12 25358
12 149 21294
149 12 21294
12 173 12670
173 12 12670
12 15 21226
15 12 21226
12 59 24241
59 12 24241
12 115 21459
115 12 21459
12 195 27431
195 12 27431
12 189 25453
189 12 25453
12 101 2908
101 12 2908
12 24 20083
24 12 20083
12 97 14147
97 12 14147
12 108 12549
108 12 12549
12 27 8383
27 12 8383
12 157 19454
157 12 19454
12 103 8875
103 12 8875
12 162 7248
162 12 7248
12 31 28381
31 12 28381
12 39 16575
39 12 16575
12 53 14191
53 12 14191
12 158 1817
158 12 1817
12 119 11789
119 12 11789
12 34 20285
34 12 20285
12 169 25198
169 12 25198
12 33 27888
33 12 27888
12 186 21548
186 12 21548
12 114 5904
114 12 5904
12 181 27484
181 12 27484
12 125 6588
125 12 6588
12 117 13994
117 12 13994
12 180 21389
180 12 21389
12 19 8550
19 12 8550
12 167 19350
167 12 19350
12 156 24542
156 12 24542
12 51 20818
51 12 20818
12 176 15458
176 12 15458
12 151 22736
151 12 22736
12 32 24601
32 12 24601
12 62 17623
62 12 17623
12 95 211
95 12 211
12 87 24562
87 12 24562
12 107 23988
107 12 23988
12 192 25055
192 12 25055
12 178 17384
178 12 17384
12 113 1800
113 12 1800
12 37 4098
37 12 4098
12 20 7016
20 12 7016
12 148 20927
148 12 20927
12 40 25645
40 12 25645
12 165 22334
165 12 22334
12 13 4578
13 12 4578
12 111 830
111 12 830
12 66 18707
66 12 18707
12 164 20139
164 12 20139
12 68 6520
68 12 6520
12 47 6104
47 12 6104
12 150 16093
150 12 16093
12 65 2327
65 12 2327
12 49 9979
49 12 9979
12 144 5659
144 12 5659
12 92 19275
92 12 19275
12 109 9069
109 12 9069
12 100 15364
100 12 15364
12 132 14429
132 12 14429
12 75 27570
75 12 27570
12 141 14048
141 12 14048
12 73 12487
73 12 12487
12 190 25477
190 12 25477
12 91 17258
91 12 17258
13 58 29638
58 13 29638
13 108 29352
108 13 29352
13 52 17438
52 13 17438
13 92 25196
92 13 25196
13 80 9933
80 13 9933
13 115 13900
115 13 13900
13 67 13676
67 13 13676
13 129 11581
129 13 11581
13 57 28411
57 13 28411
13 185 27076
185 13 27076
13 167 18432
167 13 18432
13 61 4748
61 13 4748
13 175 18026
175 13 18026
13 151 6263
151 13 6263
13 20 719
20 13 719
13 82 7560
82 13 7560
13 97 25769
97 13 25769
13 120 22870
120 13 22870
13 87 8299
87 13 8299
13 157 28643
157 13 28643
13 124 7344
124 13 7344
13 35 6702
35 13 6702
13 19 18510
19 13 18510
13 73 27098
73 13 27098
13 182 14011
182 13 14011
13 140 11376
140 13 11376
13 74 20156
74 13 20156
13 196 13353
196 13 13353
13 186 24098
186 13 24098
13 49 29441
49 13 29441
13 14 19773
14 13 19773
13 168 3442
168 13 3442
13 173 10762
173 13 10762
13 198 6388
198 13 6388
13 111 2672
111 13 2672
13 106 7578
106 13 7578
13 113 24660
113 13 24660
13 188 24507
188 13 24507
13 70 7739
70 13 7739
13 98 21737
98 13 21737
13 144 5430
144 13 5430
13 161 14772
161 13 14772
13 95 11981
95 13 11981
13 29 3401
29 13 3401
13 147 27396
147 13 27396
13 90 14067
90 13 14067
13 127 17814
127 13 17814
13 23 4732
23 13 4732
13 163 8229
163 13 8229
13 76 15830
76 13 15830
13 145 19306
145 13 19306
13 38 28928
38 13 28928
13 69 3327
69 13 3327
13 85 24289
85 13 24289
13 17 16828
17 13 16828
13 39 5095
39 13 5095
13 31 13852
31 13 13852
13 181 10158
181 13 10158
13 100 17855
100 13 17855
13 32 27339
32 13 27339
13 114 12484
114 13 12484
13 25 25850
25 13 25850
13 197 1977
197 13 1977
13 131 25313
131 13 25313
13 149 18025
149 13 18025
13 21 7458
21 13 7458
13 194 5258
194 13 5258
13 126 16794
126 13 16794
13 138 28894
138 13 28894
13 139 13877
139 13 13877
13 83 7881
83 13 7881
13 91 22475
91 13 22475
13 37 22641
37 13 22641
13 160 23018
160 13 23018
13 142 18793
142 13 18793
13 176 27023
176 13 27023
13 81 4507
81 13 4507
13 195 5562
195 13 5562
13 148 2903
148 13 2903
13 189 17033
189 13 17033
13 128 29211
128 13 29211
13 93 5294
93 13 5294
13 177 23455
177 13 23455
13 72 7068
72 13 7068
13 46 19798
46 13 19798
13 54 12805
54 13 12805
13 51 6987
51 13 6987
13 178 20616
178 13 20616
13 53 20422
53 13 20422
13 55 10422
55 13 10422
13 26 2201
26 13 2201
13 34 7966
34 13 7966
14 72 4903
72 14 4903
14 50 349
50 14 349
14 83 25920
83 14 25920
14 115 20432
115 14 20432
14 191 22782
191 14 22782
14 175 26026
175 14 26026
14 168 9407
168 14 9407
14 43 11425
43 14 11425
14 132 11880
132 14 11880
14 153 9400
153 14 9400
14 193 26630
193 14 26630
14 57 22974
57 14 22974
14 67 14905
67 14 14905
14 164 23477
164 14 23477
14 93 23126
93 14 23126
14 92 7087
92 14 7087
14 85 6841
85 14 6841
14 195 5183
195 14 5183
14 84 22429
84 14 22429
14 161 10705
161 14 10705
14 15 28213
15 14 28213
14 162 15401
162 14 15401
14 29 12601
29 14 12601
14 185 4020
185 14 4020
14 152 20701
152 14 20701
14 144 11583
144 14 11583
14 120 12176
120 14 12176
14 167 18275
167 14 18275
14 187 14367
187 14 14367
14 172 566
172 14 566
14 192 11440
192 14 11440
14 181 7260
181 14 7260
14 24 20099
24 14 20099
14 61 22520
61 14 22520
14 32 5590
32 14 5590
14 156 22542
156 14 22542
14 165 4501
165 14 4501
14 130 13374
130 14 13374
14 105 16729
105 14 16729
14 163 5102
163 14 5102
14 114 15199
114 14 15199
14 170 18741
170 14 18741
14 112 14023
112 14 14023
14 103 3544
103 14 3544
14 74 11352
74 14 11352
14 183 15422
183 14 15422
14 110 1170
110 14 1170
14 49 1480
49 14 1480
14 98 1316
98 14 1316
14 197 11829
197 14 11829
14 135 20937
135 14 20937
14 101 28848
101 14 28848
14 147 19304
147 14 19304
14 45 8006
45 14 8006
14 177 9530
177 14 9530
14 86 15491
86 14 15491
14 182 1137
182 14 1137
14 173 13355
173 14 13355
14 88 22514
88 14 22514
14 46 28692
46 14 28692
14 34 18026
34 14 18026
14 119 3109
119 14 3109
14 126 5279
126 14 5279
14 51 18798
51 14 18798
14 128 26339
128 14 26339
14 148 7180
148 14 7180
14 158 6157
158 14 6157
14 136 7031
136 14 7031
14 141 1411
141 14 1411
14 169 15459
169 14 15459
14 60 26019
60 14 26019
14 52 26514
52 14 26514
14 99 24624
99 14 24624
14 176 11759
176 14 11759
14 90 25388
90 14 25388
14 31 26806
31 14 26806
14 75 13259
75 14 13259
14 102 2192
102 14 2192
14 96 21828
96 14 21828
14 42 4683
42 14 4683
14 127 27901
127 14 27901
14 123 15231
123 14 15231
14 28 4202
28 14 4202
14 71 15758
71 14 15758
14 35 12517
35 14 12517
14 78 423
78 14 423
14 20 12577
20 14 12577
14 157 10743
157 14 10743
14 63 2375
63 14 2375
15 20 16045
20 15 16045
15 72 6396
72 15 6396
15 167 6501
167 15 6501
15 120 7890
120 15 7890
15 24 23366
24 15 23366
15 70 6242
70 15 6242
15 196 712
196 15 712
15 110 10550
110 15 10550
15 163 12611
163 15 12611
15 109 10056
109 15 10056
15 25 28826
25 15 28826
15 141 28874
141 15 28874
15 96 29220
96 15 29220
15 189 10721
189 15 10721
15 114 18068
114 15 18068
15 64 11074
64 15 11074
15 130 1062
130 15 1062
15 161 28694
161 15 28694
15 58 27579
58 15 27579
15 165 24481
165 15 24481
15 182 13202
182 15 13202
15 127 5404
127 15 5404
15 155 17859
155 15 17859
15 147 25192
147 15 25192
15 41 9053
41 15 9053
15 102 9649
102 15 9649
15 36 7473
36 15 7473
15 103 3433
103 15 3433
15 116 7971
116 15 7971
15 170 7957
170 15 7957
15 150 6145
150 15 6145
15 80 15271
80 15 15271
15 17 244
17 15 244
15 115 28279
115 15 28279
15 40 4587
40 15 4587
15 105 16808
105 15 16808
15 97 29630
97 15 29630
15 197 12127
197 15 12127
15 79 692
79 15 692
15 186 13700
186 15 13700
15 73 2426
73 15 2426
15 77 13870
77 15 13870
15 131 2741
131 15 2741
15 176 15133
176 15 15133
15 162 26464
162 15 26464
15 45 24804
45 15 24804
15 156 8135
156 15 8135
15 184 22432
184 15 22432
15 154 14680
154 15 14680
15 88 18724
88 15 18724
15 48 4068
48 15 4068
15 61 12773
61 15 12773
15 99 27679
99 15 27679
15 44 3134
44 15 3134
15 71 28810
71 15 28810
15 185 18645
185 15 18645
15 190 13280
190 15 13280
15 86 22982
86 15 22982
15 90 25132
90 15 25132
15 138 10944
138 15 10944
15 178 25802
178 15 25802
15 159 17293
159 15 17293
15 179 22822
179 15 22822
15 132 26725
132 15 26725
15 57 10668
57 15 10668
15 152 22502
152 15 22502
15 187 15866
187 15 15866
15 74 16294
74 15 16294
15 35 3343
35 15 3343
15 112 27794
112 15 27794
15 166 2865
166 15 2865
15 192 7789
192 15 7789
15 62 26359
62 15 26359
15 50 20942
50 15 20942
15 145 2810
145 15 2810
15 119 28858
119 15 28858
15 89 25818
89 15 25818
15 175 1851
175 15 1851
15 66 7892
66 15 7892
15 93 19918
93 15 19918
15 172 5327
172 15 5327
15 113 16465
113 15 16465
15 46 27431
46 15 27431
15 18 17633
18 15 17633
15 31 5618
31 15 5618
15 164 2342
164 15 2342
16 150 1818
150 16 1818
16 131 28054
131 16 28054
16 18 26694
18 16 26694
16 160 18663
160 16 18663
16 22 23357
22 16 23357
16 102 9216
102 16 9216
16 196 16752
196 16 16752
16 77 11879
77 16 11879
16 19 12276
19 16 12276
16 163 25127
163 16 25127
16 159 13145
159 16 13145
16 20 27397
20 16 27397
16 96 22987
96 16 22987
16 38 13112
38 16 13112
16 85 18186
85 16 18186
16 89 16054
89 16 16054
16 51 659
51 16 659
16 41 9479
41 16 9479
16 133 13523
133 16 13523
16 136 5018
136 16 5018
16 61 6844
61 16 6844
16 149 14936
149 16 14936
16 117 2999
117 16 2999
16 74 10907
74 16 10907
16 187 9168
187 16 9168
16 112 15391
112 16 15391
16 175 27574
175 16 27574
16 148 6533
148 16 6533
16 194 20840
194 16 20840
16 73 16716
73 16 16716
16 182 4588
182 16 4588
16 147 22497
147 16 22497
16 28 2970
28 16 2970
16 197 24868
197 16 24868
16 115 9562
115 16 9562
16 35 1806
35 16 1806
16 184 21031
184 16 21031
16 174 22482
174 16 22482
16 68 987
68 16 987
16 29 13903
29 16 13903
16 164 25462
164 16 25462
16 53 7594
53 16 7594
16 56 14222
56 16 14222
16 90 27271
90 16 27271
16 93 3387
93 16 3387
16 191 2433
191 16 2433
16 199 3367
199 16 3367
16 161 15980
161 16 15980
16 105 9743
105 16 9743
16 120 1545
120 16 1545
16 141 28544
141 16 28544
16 21 9233
21 16 9233
16 168 13453
168 16 13453
16 130 23120
130 16 23120
16 123 14274
123 16 14274
16 34 9833
34 16 9833
16 134 9215
134 16 9215
16 109 12951
109 16 12951
16 108 19577
108 16 19577
16 75 25379
75 16 25379
16 167 10054
167 16 10054
16 172 21358
172 16 21358
16 95 5022
95 16 5022
16 126 10014
126 16 10014
16 171 289
171 16 289
16 132 26288
132 16 26288
16 31 26289
31 16 26289
16 17 15257
17 16 15257
16 86 17252
86 16 17252
16 124 22582
124 16 22582
16 87 916
87 16 916
16 25 12142
25 16 12142
16 37 5609
37 16 5609
16 99 12666
99 16 12666
16 46 29102
46 16 29102
16 100 9423
100 16 9423
16 125 3900
125 16 3900
16 156 22967
156 16 22967
16 192 22651
192 16 22651
16 30 29269
30 16 29269
16 55 11760
55 16 11760
16 98 11196
98 16 11196
16 60 3279
60 16 3279
17 128 12740
128 17 12740
17 108 6272
108 17 6272
17 82 5893
82 17 5893
17 28 1443
28 17 1443
17 96 15324
96 17 15324
17 95 27241
95 17 27241
17 63 10815
63 17 10815
17 143 7736
143 17 7736
17 105 19723
105 17 19723
17 37 16214
37 17 16214
17 139 11891
139 17 11891
17 134 13117
134 17 13117
17 20 27037
20 17 27037
17 57 9379
57 17 9379
17 176 17556
176 17 17556
17 49 29339
49 17 29339
17 70 27066
70 17 27066
17 18 25642
18 17 25642
17 151 6143
151 17 6143
17 129 14361
129 17 14361
17 40 28455
40 17 28455
17 163 14300
163 17 14300
17 173 18978
173 17 18978
17 31 9774
31 17 9774
17 22 15861
22 17 15861
17 87 22717
87 17 22717
17 155 22161
155 17 22161
17 88 10318
88 17 10318
17 21 25559
21 17 25559
17 43 20114
43 17 20114
17 179 901
179 17 901
17 41 10698
41 17 10698
17 126 3466
126 17 3466
17 84 29005
84 17 29005
17 77 20015
77 17 20015
17 99 14160
99 17 14160
17 137 15633
137 17 15633
17 78 13728
78 17 13728
17 162 21673
162 17 21673
17 198 10842
198 17 10842
17 47 17612
47 17 17612
17 115 1196
115 17 1196
17 191 13589
191 17 13589
17 153 14433
153 17 14433
17 109 29726
109 17 29726
17 161 2537
161 17 2537
17 86 4191
86 17 4191
17 140 25549
140 17 25549
17 118 16873
118 17 16873
17 156 4791
156 17 4791
17 194 5301
194 17 5301
17 100 13281
100 17 13281
17 136 6088
136 17 6088
17 187 19674
187 17 19674
17 23 20805
23 17 20805
17 146 11385
146 17 11385
17 171 2956
171 17 2956
17 66 15102
66 17 15102
17 48 10238
48 17 10238
17 157 10997
157 17 10997
17 196 102
196 17 102
17 71 1396
71 17 1396
17 98 15824
98 17 15824
17 64 19037
64 17 19037
17 180 23822
180 17 23822
17 19 480
19 17 480
17 106 11616
106 17 11616
17 50 8142
50 17 8142
17 154 27724
154 17 27724
17 159 11906
159 17 11906
17 51 15964
51 17 15964
17 142 3228
142 17 3228
17 38 6177
38 17 6177
17 170 5259
170 17 5259
17 26 27840
26 17 27840
17 195 28646
195 17 28646
17 102 14082
102 17 14082
17 69 23075
69 17 23075
17 172 8559
172 17 8559
17 186 10512
186 17 10512
17 55 20723
55 17 20723
17 32 25331
32 17 25331
17 92 19966
92 17 19966
17 199 4055
199 17 4055
17 113 13846
113 17 13846
17 104 27715
104 17 27715
17 116 28247
116 17 28247
18 89 13575
89 18 13575
18 99 20764
99 18 20764
18 125 25286
125 18 25286
18 160 1355
160 18 1355
18 110 7970
110 18 7970
18 157 9155
157 18 9155
18 129 26550
129 18 26550
18 93 4165
93 18 4165
18 32 10052
32 18 10052
18 57 17407
57 18 17407
18 97 4201
97 18 4201
18 184 3339
184 18 3339
18 103 24695
103 18 24695
18 172 542
172 18 542
18 165 13727
165 18 13727
18 29 4110
29 18 4110
18 75 2299
75 18 2299
18 46 2383
46 18 2383
18 128 15103
128 18 15103
18 170 20651
170 18 20651
18 61 28877
61 18 28877
18 82 12869
82 18 12869
18 106 11472
106 18 11472
18 142 2487
142 18 2487
18 127 16895
127 18 16895
18 132 15703
132 18 15703
18 42 4466
42 18 4466
18 37 7610
37 18 7610
18 28 5381
28 18 5381
18 66 14209
66 18 14209
18 65 4516
65 18 4516
18 50 13925
50 18 13925
18 117 3690
117 18 3690
18 177 20364
177 18 20364
18 143 1196
143 18 1196
18 138 12155
138 18 12155
18 118 22351
118 18 22351
18 179 24347
179 18 24347
18 126 4120
126 18 4120
18 140 15587
140 18 15587
18 182 14465
182 18 14465
18 55 349
55 18 349
18 144 28446
144 18 28446
18 197 21863
197 18 21863
18 155 28620
155 18 28620
18 80 8001
80 18 8001
18 158 2026
158 18 2026
18 156 8479
156 18 8479
18 92 22220
92 18 22220
18 21 28031
21 18 28031
18 193 1765
193 18 1765
18 145 12332
145 18 12332
18 77 7222
77 18 7222
18 137 26251
137 18 26251
18 192 17251
192 18 17251
18 85 23836
85 18 23836
18 91 12889
91 18 12889
18 54 4453
54 18 4453
18 161 14905
161 18 14905
18 96 1869
96 18 1869
18 124 21647
124 18 21647
18 185 7372
185 18 7372
18 119 11428
119 18 11428
18 151 19183
151 18 19183
18 102 23463
102 18 23463
18 186 23696
186 18 23696
18 113 22147
113 18 22147
18 163 21136
163 18 21136
18 101 27582
101 18 27582
18 168 6970
168 18 6970
18 39 10616
39 18 10616
18 149 19356
149 18 19356
18 38 16513
38 18 16513
18 114 10318
114 18 10318
18 72 3551
72 18 3551
