150 11174
0 141 3210
141 0 3210
0 108 9684
108 0 9684
0 84 16637
84 0 16637
0 111 7376
111 0 7376
0 144 4073
144 0 4073
0 48 7619
48 0 7619
0 104 2174
104 0 2174
0 70 3711
70 0 3711
0 22 15090
22 0 15090
0 76 273
76 0 273
0 79 16724
79 0 16724
0 125 4542
125 0 4542
0 71 16487
71 0 16487
0 115 2166
115 0 2166
0 59 15270
59 0 15270
0 142 15541
142 0 15541
0 93 8154
93 0 8154
0 12 553
12 0 553
0 2 9797
2 0 9797
0 18 10826
18 0 10826
0 127 3319
127 0 3319
0 121 2336
121 0 2336
0 61 6441
61 0 6441
0 135 1181
135 0 1181
0 98 7969
98 0 7969
0 23 14463
23 0 14463
0 85 10717
85 0 10717
0 7 4939
7 0 4939
0 89 13823
89 0 13823
0 148 1480
148 0 1480
0 92 5750
92 0 5750
0 25 1253
25 0 1253
0 124 14873
124 0 14873
0 21 10729
21 0 10729
0 17 9227
17 0 9227
0 10 16449
10 0 16449
0 41 16238
41 0 16238
0 58 6763
58 0 6763
0 34 11249
34 0 11249
0 67 15096
67 0 15096
0 15 14076
15 0 14076
0 109 12707
109 0 12707
0 130 14274
130 0 14274
0 42 2951
42 0 2951
0 35 7003
35 0 7003
0 60 4286
60 0 4286
0 44 14406
44 0 14406
0 83 15775
83 0 15775
0 50 4440
50 0 4440
0 86 12688
86 0 12688
0 14 16591
14 0 16591
0 62 12626
62 0 12626
0 88 14478
88 0 14478
0 128 11914
128 0 11914
0 30 12542
30 0 12542
0 105 3995
105 0 3995
0 146 5401
146 0 5401
0 53 12621
53 0 12621
0 69 6178
69 0 6178
0 16 2775
16 0 2775
0 126 16412
126 0 16412
0 66 6174
66 0 6174
0 33 9944
33 0 9944
0 37 15985
37 0 15985
0 19 7619
19 0 7619
0 103 14181
103 0 14181
0 47 11605
47 0 11605
0 123 9074
123 0 9074
0 118 11663
118 0 11663
0 94 3110
94 0 3110
0 136 15168
136 0 15168
0 9 2707
9 0 2707
1 56 6130
56 1 6130
1 59 13143
59 1 13143
1 10 2553
10 1 2553
1 34 251
34 1 251
1 26 12444
26 1 12444
1 109 1735
109 1 1735
1 107 12037
107 1 12037
1 130 14861
130 1 14861
1 11 15456
11 1 15456
1 21 6371
21 1 6371
1 135 14997
135 1 14997
1 36 3854
36 1 3854
1 131 4752
131 1 4752
1 49 2764
49 1 2764
1 106 2219
106 1 2219
1 63 11146
63 1 11146
1 101 5098
101 1 5098
1 119 16749
119 1 16749
1 125 14669
125 1 14669
1 113 3397
113 1 3397
1 102 766
102 1 766
1 110 12041
110 1 12041
1 66 11045
66 1 11045
1 25 16631
25 1 16631
1 134 5800
134 1 5800
1 67 10693
67 1 10693
1 138 6745
138 1 6745
1 73 15655
73 1 15655
1 52 16666
52 1 16666
1 139 2070
139 1 2070
1 74 9957
74 1 9957
1 43 14136
43 1 14136
1 94 9129
94 1 9129
1 37 14379
37 1 14379
1 13 4982
13 1 4982
1 41 7509
41 1 7509
1 30 4353
30 1 4353
1 40 9955
40 1 9955
1 46 3061
46 1 3061
1 23 16076
23 1 16076
1 116 11280
116 1 11280
1 71 7165
71 1 7165
1 124 7330
124 1 7330
1 118 8003
118 1 8003
1 88 13596
88 1 13596
1 83 2836
83 1 2836
1 78 16644
78 1 16644
1 3 11892
3 1 11892
1 111 11915
111 1 11915
1 96 4796
96 1 4796
1 105 12415
105 1 12415
1 19 2968
19 1 2968
1 145 13270
145 1 13270
1 148 10856
148 1 10856
1 55 5221
55 1 5221
1 91 16639
91 1 16639
1 64 13351
64 1 13351
1 128 8622
128 1 8622
1 108 9112
108 1 9112
1 99 12096
99 1 12096
1 90 2099
90 1 2099
1 98 14553
98 1 14553
1 61 11532
61 1 11532
1 42 11254
42 1 11254
1 35 7713
35 1 7713
1 93 16015
93 1 16015
1 72 13265
72 1 13265
1 24 12336
24 1 12336
1 57 8799
57 1 8799
1 2 4343
2 1 4343
1 62 9801
62 1 9801
1 123 11622
123 1 11622
1 18 45
18 1 45
1 5 6388
5 1 6388
1 75 5857
75 1 5857
1 32 8373
32 1 8373
1 120 11893
120 1 11893
1 14 13739
14 1 13739
1 53 5220
53 1 5220
1 8 7837
8 1 7837
1 68 8422
68 1 8422
1 142 5940
142 1 5940
1 60 13009
60 1 13009
1 29 11462
29 1 11462
1 50 1120
50 1 1120
2 137 6988
137 2 6988
2 125 13414
125 2 13414
2 149 5105
149 2 5105
2 102 9261
102 2 9261
2 37 8102
37 2 8102
2 10 11895
10 2 11895
2 141 1730
141 2 1730
2 95 1108
95 2 1108
2 14 1580
14 2 1580
2 36 1269
36 2 1269
2 80 6172
80 2 6172
2 51 14444
51 2 14444
2 106 8139
106 2 8139
2 8 10525
8 2 10525
2 40 10374
40 2 10374
2 65 7014
65 2 7014
2 79 7127
79 2 7127
2 39 9581
39 2 9581
2 85 14942
85 2 14942
2 115 10709
115 2 10709
2 18 8704
18 2 8704
2 92 3632
92 2 3632
2 129 4776
129 2 4776
2 45 4754
45 2 4754
2 104 15508
104 2 15508
2 103 13403
103 2 13403
2 26 7219
26 2 7219
2 93 7416
93 2 7416
2 131 7310
131 2 7310
2 138 1228
138 2 1228
2 6 9346
6 2 9346
2 135 2491
135 2 2491
2 34 7630
34 2 7630
2 89 350
89 2 350
2 72 6426
72 2 6426
2 71 5243
71 2 5243
2 124 10327
124 2 10327
2 43 9897
43 2 9897
2 116 4171
116 2 4171
2 25 11230
25 2 11230
2 98 465
98 2 465
2 59 12110
59 2 12110
2 134 7420
134 2 7420
2 52 15350
52 2 15350
2 27 5754
27 2 5754
2 112 12185
112 2 12185
2 107 3478
107 2 3478
2 81 7194
81 2 7194
2 67 12060
67 2 12060
2 28 11746
28 2 11746
2 111 16360
111 2 16360
2 128 13650
128 2 13650
2 117 3508
117 2 3508
2 82 3289
82 2 3289
2 30 12045
30 2 12045
2 16 11058
16 2 11058
2 63 9186
63 2 9186
2 121 4135
121 2 4135
2 12 5018
12 2 5018
2 94 13411
94 2 13411
2 123 12202
123 2 12202
2 68 8381
68 2 8381
2 20 11846
20 2 11846
2 139 5786
139 2 5786
2 136 8794
136 2 8794
2 75 12135
75 2 12135
2 97 1637
97 2 1637
2 38 9828
38 2 9828
3 80 609
80 3 609
3 85 7952
85 3 7952
3 149 2355
149 3 2355
3 76 11777
76 3 11777
3 143 10922
143 3 10922
3 68 1272
68 3 1272
3 43 74
43 3 74
3 142 3453
142 3 3453
3 144 4345
144 3 4345
3 100 9748
100 3 9748
3 105 16318
105 3 16318
3 17 11310
17 3 11310
3 115 15612
115 3 15612
3 139 8632
139 3 8632
3 40 7816
40 3 7816
3 63 14730
63 3 14730
3 22 13689
22 3 13689
3 19 3432
19 3 3432
3 57 10482
57 3 10482
3 135 12517
135 3 12517
3 8 6436
8 3 6436
3 75 4813
75 3 4813
3 67 13509
67 3 13509
3 102 5351
102 3 5351
3 47 5572
47 3 5572
3 31 13079
31 3 13079
3 65 4210
65 3 4210
3 59 11102
59 3 11102
3 87 967
87 3 967
3 69 10167
69 3 10167
3 32 2753
32 3 2753
3 124 2792
124 3 2792
3 128 3036
128 3 3036
3 104 10238
104 3 10238
3 27 5387
27 3 5387
3 5 8971
5 3 8971
3 66 10193
66 3 10193
3 54 2598
54 3 2598
3 30 14967
30 3 14967
3 83 1319
83 3 1319
3 125 4160
125 3 4160
3 81 88
81 3 88
3 107 706
107 3 706
3 25 4049
25 3 4049
3 35 9058
35 3 9058
3 51 13778
51 3 13778
3 50 6735
50 3 6735
3 94 14614
94 3 14614
3 146 12310
146 3 12310
3 98 9947
98 3 9947
3 26 6498
26 3 6498
3 131 5217
131 3 5217
3 21 4975
21 3 4975
3 23 10196
23 3 10196
3 123 5155
123 3 5155
3 56 11747
56 3 11747
3 137 2294
137 3 2294
3 64 8840
64 3 8840
3 12 15041
12 3 15041
3 109 12448
109 3 12448
3 132 7448
132 3 7448
3 48 11529
48 3 11529
3 148 11053
148 3 11053
3 11 13427
11 3 13427
3 74 4500
74 3 4500
3 37 8129
37 3 8129
3 61 2196
61 3 2196
3 42 10891
42 3 10891
3 110 10324
110 3 10324
3 136 15584
136 3 15584
3 29 7058
29 3 7058
3 95 13223
95 3 13223
3 86 13540
86 3 13540
3 129 685
129 3 685
3 46 3461
46 3 3461
3 89 5379
89 3 5379
3 58 9796
58 3 9796
3 49 3682
49 3 3682
3 113 13
113 3 13
3 53 8630
53 3 8630
3 141 1126
141 3 1126
4 121 9594
121 4 9594
4 25 11007
25 4 11007
4 120 927
120 4 927
4 125 6402
125 4 6402
4 80 6984
80 4 6984
4 7 4392
7 4 4392
4 69 9278
69 4 9278
4 105 12215
105 4 12215
4 144 2031
144 4 2031
4 77 4914
77 4 4914
4 23 14979
23 4 14979
4 143 2301
143 4 2301
4 68 13323
68 4 13323
4 90 14015
90 4 14015
4 83 2066
83 4 2066
4 99 11531
99 4 11531
4 124 7247
124 4 7247
4 126 7611
126 4 7611
4 28 14118
28 4 14118
4 76 10255
76 4 10255
4 15 379
15 4 379
4 134 1077
134 4 1077
4 63 9208
63 4 9208
4 141 5215
141 4 5215
4 135 4713
135 4 4713
4 46 11653
46 4 11653
4 35 2132
35 4 2132
4 131 14013
131 4 14013
4 61 459
61 4 459
4 32 6203
32 4 6203
4 60 10190
60 4 10190
4 85 3465
85 4 3465
4 102 6956
102 4 6956
4 21 13509
21 4 13509
4 88 5293
88 4 5293
4 12 4318
12 4 4318
4 31 14225
31 4 14225
4 81 8142
81 4 8142
4 107 7104
107 4 7104
4 36 9282
36 4 9282
4 110 7170
110 4 7170
4 116 3123
116 4 3123
4 98 4305
98 4 4305
4 149 15467
149 4 15467
4 20 5667
20 4 5667
4 115 5016
115 4 5016
4 54 10276
54 4 10276
4 67 10497
67 4 10497
4 71 654
71 4 654
4 74 8078
74 4 8078
4 37 3708
37 4 3708
4 22 4546
22 4 4546
4 101 36
101 4 36
4 138 16110
138 4 16110
4 62 8652
62 4 8652
4 136 1976
136 4 1976
4 96 4907
96 4 4907
4 114 2152
114 4 2152
4 117 14981
117 4 14981
4 56 8112
56 4 8112
4 29 3095
29 4 3095
4 9 11899
9 4 11899
4 30 11838
30 4 11838
4 43 2764
43 4 2764
4 79 1998
79 4 1998
4 145 12618
145 4 12618
4 55 10649
55 4 10649
4 18 5872
18 4 5872
4 59 16023
59 4 16023
4 51 12990
51 4 12990
4 142 5811
142 4 5811
4 8 12348
8 4 12348
4 89 1894
89 4 1894
4 127 9250
127 4 9250
4 40 9973
40 4 9973
4 52 5328
52 4 5328
5 46 12649
46 5 12649
5 138 10693
138 5 10693
5 63 11940
63 5 11940
5 35 8809
35 5 8809
5 124 10786
124 5 10786
5 108 1351
108 5 1351
5 6 538
6 5 538
5 66 16735
66 5 16735
5 78 8381
78 5 8381
5 120 14239
120 5 14239
5 15 9131
15 5 9131
5 8 9262
8 5 9262
5 64 13690
64 5 13690
5 58 1063
58 5 1063
5 89 9888
89 5 9888
5 79 15347
79 5 15347
5 60 3395
60 5 3395
5 107 1111
107 5 1111
5 28 2620
28 5 2620
5 149 11850
149 5 11850
5 9 5890
9 5 5890
5 62 6975
62 5 6975
5 40 466
40 5 466
5 121 7991
121 5 7991
5 129 8789
129 5 8789
5 91 11079
91 5 11079
5 92 777
92 5 777
5 32 8181
32 5 8181
5 77 4237
77 5 4237
5 135 16436
135 5 16436
5 99 16463
99 5 16463
5 130 14056
130 5 14056
5 83 10428
83 5 10428
5 10 8191
10 5 8191
5 128 10977
128 5 10977
5 93 12972
93 5 12972
5 88 4957
88 5 4957
5 48 11763
48 5 11763
5 51 8453
51 5 8453
5 139 100
139 5 100
5 50 12296
50 5 12296
5 44 9287
44 5 9287
5 67 15701
67 5 15701
5 13 3653
13 5 3653
5 22 15561
22 5 15561
5 96 15362
96 5 15362
5 114 3942
114 5 3942
5 14 15851
14 5 15851
5 70 1497
70 5 1497
5 134 11543
134 5 11543
5 76 7709
76 5 7709
5 125 8081
125 5 8081
5 68 6292
68 5 6292
5 142 2285
142 5 2285
5 55 3202
55 5 3202
5 101 9033
101 5 9033
5 65 14284
65 5 14284
5 81 12026
81 5 12026
5 20 15466
20 5 15466
5 105 9767
105 5 9767
5 140 5732
140 5 5732
5 42 10596
42 5 10596
5 47 4316
47 5 4316
5 82 471
82 5 471
5 57 353
57 5 353
5 80 12986
80 5 12986
5 19 6634
19 5 6634
5 143 3530
143 5 3530
5 23 5904
23 5 5904
5 11 11747
11 5 11747
5 141 15535
141 5 15535
5 30 5834
30 5 5834
5 123 167
123 5 167
6 120 526
120 6 526
6 86 7432
86 6 7432
6 61 15565
61 6 15565
6 97 1225
97 6 1225
6 32 13287
32 6 13287
6 135 5821
135 6 5821
6 129 11285
129 6 11285
6 94 15318
94 6 15318
6 73 7593
73 6 7593
6 147 11005
147 6 11005
6 85 7437
85 6 7437
6 27 8230
27 6 8230
6 132 8974
132 6 8974
6 124 9299
124 6 9299
6 110 1044
110 6 1044
6 65 53
65 6 53
6 44 11782
44 6 11782
6 143 14987
143 6 14987
6 90 15787
90 6 15787
6 95 3112
95 6 3112
6 18 11811
18 6 11811
6 119 9946
119 6 9946
6 113 12215
113 6 12215
6 108 2677
108 6 2677
6 74 3044
74 6 3044
6 133 8777
133 6 8777
6 57 15862
57 6 15862
6 81 6871
81 6 6871
6 115 9817
115 6 9817
6 40 5195
40 6 5195
6 24 16134
24 6 16134
6 99 6836
99 6 6836
6 51 11847
51 6 11847
6 125 10185
125 6 10185
6 105 13157
105 6 13157
6 14 4165
14 6 4165
6 31 13303
31 6 13303
6 54 5425
54 6 5425
6 83 1729
83 6 1729
6 62 4037
62 6 4037
6 117 11210
117 6 11210
6 39 7508
39 6 7508
6 137 13875
137 6 13875
6 96 15698
96 6 15698
6 139 3663
139 6 3663
6 46 16024
46 6 16024
6 109 2681
109 6 2681
6 80 9447
80 6 9447
6 112 4832
112 6 4832
6 28 14588
28 6 14588
6 75 11984
75 6 11984
6 20 14005
20 6 14005
6 149 13979
149 6 13979
6 43 4897
43 6 4897
6 21 5252
21 6 5252
6 67 15431
67 6 15431
6 123 2348
123 6 2348
6 103 16225
103 6 16225
6 37 8460
37 6 8460
6 30 10878
30 6 10878
6 141 15988
141 6 15988
6 140 16753
140 6 16753
6 50 15830
50 6 15830
6 13 14918
13 6 14918
6 101 4265
101 6 4265
6 82 3619
82 6 3619
6 35 13757
35 6 13757
6 69 892
69 6 892
6 127 15911
127 6 15911
6 130 6485
130 6 6485
6 23 7865
23 6 7865
6 9 603
9 6 603
6 118 4893
118 6 4893
6 34 9312
34 6 9312
6 87 367
87 6 367
6 148 14277
148 6 14277
6 47 12650
47 6 12650
7 33 4149
33 7 4149
7 127 8158
127 7 8158
7 88 1146
88 7 1146
7 31 7603
31 7 7603
7 16 9740
16 7 9740
7 49 16708
49 7 16708
7 43 9675
43 7 9675
7 109 6756
109 7 6756
7 132 10453
132 7 10453
7 12 10756
12 7 10756
7 17 1641
17 7 1641
7 126 11053
126 7 11053
7 93 1501
93 7 1501
7 21 16534
21 7 16534
7 138 1127
138 7 1127
7 52 11316
52 7 11316
7 78 10596
78 7 10596
7 103 12694
103 7 12694
7 66 4277
66 7 4277
7 105 14345
105 7 14345
7 40 16261
40 7 16261
7 54 11508
54 7 11508
7 128 5374
128 7 5374
7 36 8475
36 7 8475
7 34 388
34 7 388
7 19 13953
19 7 13953
7 86 3684
86 7 3684
7 18 4733
18 7 4733
7 20 14231
20 7 14231
7 100 11632
100 7 11632
7 122 1997
122 7 1997
7 77 13868
77 7 13868
7 91 6048
91 7 6048
7 41 3406
41 7 3406
7 80 12718
80 7 12718
7 8 12082
8 7 12082
7 67 14499
67 7 14499
7 145 6818
145 7 6818
7 102 10534
102 7 10534
7 104 8951
104 7 8951
7 69 13802
69 7 13802
7 48 7958
48 7 7958
7 11 16553
11 7 16553
7 38 3287
38 7 3287
7 107 3125
107 7 3125
7 47 7991
47 7 7991
7 30 15433
30 7 15433
7 10 10440
10 7 10440
7 101 2690
101 7 2690
7 144 5338
144 7 5338
7 45 4177
45 7 4177
7 87 2734
87 7 2734
7 42 4194
42 7 4194
7 29 6230
29 7 6230
7 113 7394
113 7 7394
7 89 13662
89 7 13662
7 99 287
99 7 287
7 116 6604
116 7 6604
7 14 3166
14 7 3166
7 92 10754
92 7 10754
7 15 9990
15 7 9990
7 9 2806
9 7 2806
7 25 9846
25 7 9846
7 114 2367
114 7 2367
7 97 10588
97 7 10588
7 24 5020
24 7 5020
7 74 13989
74 7 13989
7 79 4390
79 7 4390
7 133 4620
133 7 4620
7 75 1991
75 7 1991
7 23 1142
23 7 1142
7 63 8297
63 7 8297
7 115 4971
115 7 4971
7 147 45
147 7 45
8 62 5347
62 8 5347
8 56 1005
56 8 1005
8 103 7046
103 8 7046
8 138 1279
138 8 1279
8 105 11315
105 8 11315
8 117 14299
117 8 14299
8 40 8040
40 8 8040
8 90 5060
90 8 5060
8 110 1283
110 8 1283
8 132 14033
132 8 14033
8 140 7492
140 8 7492
8 34 8789
34 8 8789
8 48 4020
48 8 4020
8 125 6251
125 8 6251
8 107 6129
107 8 6129
8 148 3462
148 8 3462
8 74 7001
74 8 7001
8 128 16137
128 8 16137
8 50 12537
50 8 12537
8 120 9837
120 8 9837
8 146 15427
146 8 15427
8 73 14977
73 8 14977
8 76 4292
76 8 4292
8 49 8771
49 8 8771
8 88 3113
88 8 3113
8 143 3257
143 8 3257
8 118 14013
118 8 14013
8 24 11273
24 8 11273
8 39 10994
39 8 10994
8 119 2883
119 8 2883
8 60 3706
60 8 3706
8 30 16463
30 8 16463
8 17 5076
17 8 5076
8 87 13760
87 8 13760
8 147 1491
147 8 1491
8 72 2497
72 8 2497
8 47 8457
47 8 8457
8 124 6158
124 8 6158
8 109 12143
109 8 12143
8 86 9323
86 8 9323
8 41 3660
41 8 3660
8 61 6745
61 8 6745
8 123 11910
123 8 11910
8 75 5332
75 8 5332
8 116 4426
116 8 4426
8 78 9207
78 8 9207
8 15 10843
15 8 10843
8 65 15658
65 8 15658
8 35 2766
35 8 2766
8 19 3033
19 8 3033
8 93 10026
93 8 10026
8 14 10401
14 8 10401
8 46 9237
46 8 9237
8 149 4095
149 8 4095
8 145 13716
145 8 13716
8 21 11072
21 8 11072
8 45 1252
45 8 1252
8 135 14162
135 8 14162
8 91 16376
91 8 16376
8 122 15589
122 8 15589
8 112 3528
112 8 3528
8 108 13001
108 8 13001
8 42 3666
42 8 3666
8 55 6088
55 8 6088
8 121 8704
121 8 8704
8 100 13199
100 8 13199
8 104 6439
104 8 6439
8 102 10152
102 8 10152
8 98 12859
98 8 12859
8 29 2984
29 8 2984
8 25 14444
25 8 14444
8 27 272
27 8 272
8 92 83
92 8 83
8 64 12622
64 8 12622
8 144 9419
144 8 9419
8 142 16051
142 8 16051
9 133 9616
133 9 9616
9 63 2975
63 9 2975
9 102 10097
102 9 10097
9 56 6513
56 9 6513
9 58 13181
58 9 13181
9 145 16363
145 9 16363
9 72 7643
72 9 7643
9 139 7386
139 9 7386
9 92 9620
92 9 9620
9 112 13787
112 9 13787
9 11 750
11 9 750
9 77 8690
77 9 8690
9 73 11449
73 9 11449
9 69 16186
69 9 16186
9 10 16638
10 9 16638
9 81 9159
81 9 9159
9 36 5973
36 9 5973
9 21 16676
21 9 16676
9 62 14117
62 9 14117
9 34 2913
34 9 2913
9 138 7400
138 9 7400
9 71 15528
71 9 15528
9 107 4299
107 9 4299
9 32 9694
32 9 9694
9 122 6354
122 9 6354
9 127 7092
127 9 7092
9 47 5864
47 9 5864
9 144 5943
144 9 5943
9 100 4279
100 9 4279
9 108 6133
108 9 6133
9 30 15583
30 9 15583
9 53 3608
53 9 3608
9 22 4884
22 9 4884
9 25 8911
25 9 8911
9 70 3654
70 9 3654
9 147 7297
147 9 7297
9 91 6870
91 9 6870
9 55 11546
55 9 11546
9 114 7941
114 9 7941
9 24 7811
24 9 7811
9 60 9669
60 9 9669
9 84 16494
84 9 16494
9 88 16057
88 9 16057
9 103 14011
103 9 14011
9 46 7277
46 9 7277
9 51 9012
51 9 9012
9 119 6179
119 9 6179
9 121 6279
121 9 6279
9 16 2127
16 9 2127
9 123 15443
123 9 15443
9 110 6637
110 9 6637
9 106 3040
106 9 3040
9 148 8691
148 9 8691
9 80 16206
80 9 16206
9 98 3971
98 9 3971
9 85 16140
85 9 16140
9 12 2846
12 9 2846
9 149 10613
149 9 10613
9 134 15569
134 9 15569
9 105 7843
105 9 7843
9 50 16701
50 9 16701
9 27 1319
27 9 1319
9 15 4207
15 9 4207
9 128 5660
128 9 5660
9 44 2594
44 9 2594
9 18 5169
18 9 5169
9 120 12422
120 9 12422
9 126 13099
126 9 13099
9 38 9368
38 9 9368
9 49 11129
49 9 11129
9 41 841
41 9 841
10 83 2837
83 10 2837
10 122 12929
122 10 12929
10 93 1870
93 10 1870
10 60 10064
60 10 10064
10 72 9508
72 10 9508
10 71 10081
71 10 10081
10 19 2824
19 10 2824
10 37 1830
37 10 1830
10 56 16562
56 10 16562
10 20 7439
20 10 7439
10 142 3269
142 10 3269
10 58 5168
58 10 5168
10 34 11100
34 10 11100
10 63 6813
63 10 6813
10 33 1481
33 10 1481
10 13 11303
13 10 11303
10 96 3915
96 10 3915
10 91 7122
91 10 7122
10 129 2727
129 10 2727
10 119 2748
119 10 2748
10 53 13283
53 10 13283
10 48 8434
48 10 8434
10 85 9880
85 10 9880
10 21 3454
21 10 3454
10 59 12956
59 10 12956
10 99 2996
99 10 2996
10 54 7590
54 10 7590
10 55 2447
55 10 2447
10 139 7057
139 10 7057
10 61 604
61 10 604
10 84 487
84 10 487
10 104 12842
104 10 12842
10 101 601
101 10 601
10 109 13228
109 10 13228
10 69 66
69 10 66
10 22 14139
22 10 14139
10 24 3691
24 10 3691
10 130 3188
130 10 3188
10 113 9804
113 10 9804
10 148 14451
148 10 14451
10 65 11063
65 10 11063
10 25 10569
25 10 10569
10 138 13402
138 10 13402
10 134 4299
134 10 4299
10 145 9668
145 10 9668
10 132 2311
132 10 2311
10 89 10089
89 10 10089
10 73 1390
73 10 1390
10 31 11955
31 10 11955
10 39 6312
39 10 6312
10 36 1557
36 10 1557
10 23 14893
23 10 14893
10 123 14882
123 10 14882
10 78 8652
78 10 8652
10 95 2888
95 10 2888
10 143 13273
143 10 13273
10 110 12964
110 10 12964
10 90 3821
90 10 3821
10 103 14520
103 10 14520
10 97 5893
97 10 5893
10 43 16007
43 10 16007
10 40 5623
40 10 5623
10 64 14048
64 10 14048
10 50 12600
50 10 12600
10 81 5717
81 10 5717
10 121 4704
121 10 4704
10 44 7571
44 10 7571
10 112 7103
112 10 7103
10 136 5750
136 10 5750
10 141 6944
141 10 6944
10 70 9392
70 10 9392
10 105 16299
105 10 16299
10 35 2884
35 10 2884
10 133 15938
133 10 15938
10 131 16639
131 10 16639
10 14 11349
14 10 11349
10 88 12430
88 10 12430
10 49 11870
49 10 11870
10 51 10803
51 10 10803
10 79 11237
79 10 11237
11 109 4779
109 11 4779
11 112 7970
112 11 7970
11 68 1597
68 11 1597
11 95 659
95 11 659
11 63 14676
63 11 14676
11 135 6894
135 11 6894
11 75 4726
75 11 4726
11 78 10331
78 11 10331
11 136 7944
136 11 7944
11 60 15509
60 11 15509
11 128 15937
128 11 15937
11 131 3310
131 11 3310
11 133 15841
133 11 15841
11 100 3584
100 11 3584
11 86 9904
86 11 9904
11 35 13667
35 11 13667
11 124 9723
124 11 9723
11 72 4432
72 11 4432
11 143 3679
143 11 3679
11 96 6072
96 11 6072
11 26 4788
26 11 4788
11 113 12970
113 11 12970
11 12 10926
12 11 10926
11 52 5424
52 11 5424
11 106 5602
106 11 5602
11 84 5542
84 11 5542
11 27 7525
27 11 7525
11 74 12945
74 11 12945
11 66 267
66 11 267
11 42 10471
42 11 10471
11 125 14243
125 11 14243
11 17 6014
17 11 6014
11 57 4249
57 11 4249
11 77 5794
77 11 5794
11 18 16524
18 11 16524
11 85 15603
85 11 15603
11 73 7567
73 11 7567
11 107 6318
107 11 6318
11 83 7556
83 11 7556
11 94 12253
94 11 12253
11 67 123
67 11 123
11 51 10692
51 11 10692
11 101 12109
101 11 12109
11 16 4436
16 11 4436
11 105 2867
105 11 2867
11 99 15382
99 11 15382
11 65 12917
65 11 12917
11 41 16714
41 11 16714
11 32 12402
32 11 12402
11 145 3293
145 11 3293
11 49 5044
49 11 5044
11 64 1232
64 11 1232
11 121 11826
121 11 11826
11 132 10866
132 11 10866
11 147 16329
147 11 16329
11 34 15807
34 11 15807
11 39 2402
39 11 2402
11 44 232
44 11 232
11 130 16729
130 11 16729
11 36 6659
36 11 6659
11 61 9214
61 11 9214
11 29 6398
29 11 6398
11 88 13408
88 11 13408
11 31 14541
31 11 14541
11 144 2486
144 11 2486
11 47 11311
47 11 11311
12 81 4231
81 12 4231
12 94 16547
94 12 16547
12 75 2443
75 12 2443
12 55 1708
55 12 1708
12 112 12128
112 12 12128
12 103 7676
103 12 7676
12 97 10527
97 12 10527
12 143 7661
143 12 7661
12 85 14320
85 12 14320
12 141 581
141 12 581
12 93 5611
93 12 5611
12 73 911
73 12 911
12 17 11850
17 12 11850
12 24 6942
24 12 6942
12 57 13857
57 12 13857
12 56 13862
56 12 13862
12 136 14867
136 12 14867
12 142 7155
142 12 7155
12 127 6439
127 12 6439
12 131 7890
131 12 7890
12 18 1091
18 12 1091
12 129 1271
129 12 1271
12 118 4303
118 12 4303
12 63 2033
63 12 2033
12 41 2027
41 12 2027
12 37 10589
37 12 10589
12 48 11646
48 12 11646
12 82 16419
82 12 16419
12 32 2799
32 12 2799
12 46 7152
46 12 7152
12 144 9671
144 12 9671
12 54 7029
54 12 7029
12 99 8546
99 12 8546
12 27 2509
27 12 2509
12 119 3483
119 12 3483
12 21 10588
21 12 10588
12 42 5063
42 12 5063
12 100 10612
100 12 10612
12 29 1273
29 12 1273
12 117 2015
117 12 2015
12 58 16159
58 12 16159
12 50 2539
50 12 2539
12 113 9604
113 12 9604
12 23 14591
23 12 14591
12 122 9551
122 12 9551
12 51 2306
51 12 2306
12 77 3325
77 12 3325
12 109 3946
109 12 3946
12 145 12670
145 12 12670
12 80 8605
80 12 8605
12 60 14399
60 12 14399
12 47 14562
47 12 14562
12 105 13672
105 12 13672
12 121 3550
121 12 3550
12 126 10005
126 12 10005
12 87 14668
87 12 14668
12 101 2311
101 12 2311
12 33 1005
33 12 1005
12 78 481
78 12 481
12 128 6648
128 12 6648
12 69 2982
69 12 2982
12 108 1507
108 12 1507
12 74 16348
74 12 16348
12 91 15865
91 12 15865
12 89 10555
89 12 10555
12 14 11476
14 12 11476
12 147 10816
147 12 10816
12 111 8409
111 12 8409
12 20 4036
20 12 4036
12 36 16000
36 12 16000
12 107 14783
107 12 14783
12 49 6387
49 12 6387
12 149 3506
149 12 3506
12 25 2950
25 12 2950
12 96 11447
96 12 11447
12 19 13974
19 12 13974
12 114 9243
114 12 9243
13 63 11421
63 13 11421
13 102 14220
102 13 14220
13 20 6466
20 13 6466
13 76 6589
76 13 6589
13 93 12131
93 13 12131
13 65 8100
65 13 8100
13 132 5753
132 13 5753
13 59 15391
59 13 15391
13 30 6752
30 13 6752
13 15 15948
15 13 15948
13 99 3477
99 13 3477
13 56 1107
56 13 1107
13 53 4285
53 13 4285
13 84 2555
84 13 2555
13 41 7008
41 13 7008
13 71 2830
71 13 2830
13 55 2818
55 13 2818
13 68 1437
68 13 1437
13 37 13887
37 13 13887
13 128 6331
128 13 6331
13 58 11875
58 13 11875
13 108 5928
108 13 5928
13 103 14427
103 13 14427
13 80 14046
80 13 14046
13 139 3681
139 13 3681
13 36 15346
36 13 15346
13 83 11279
83 13 11279
13 35 11802
35 13 11802
13 96 11896
96 13 11896
13 40 3444
40 13 3444
13 18 9604
18 13 9604
13 19 748
19 13 748
13 98 15442
98 13 15442
13 60 7213
60 13 7213
13 46 11888
46 13 11888
13 112 10353
112 13 10353
13 95 14565
95 13 14565
13 48 6822
48 13 6822
13 52 9571
52 13 9571
13 144 726
144 13 726
13 66 12855
66 13 12855
13 49 4759
49 13 4759
13 51 15983
51 13 15983
13 72 968
72 13 968
13 107 16321
107 13 16321
13 32 14080
32 13 14080
13 64 15487
64 13 15487
13 47 1197
47 13 1197
13 25 13237
25 13 13237
13 146 7217
146 13 7217
13 54 12318
54 13 12318
13 143 4489
143 13 4489
13 111 12514
111 13 12514
13 106 8219
106 13 8219
13 137 209
137 13 209
13 69 4281
69 13 4281
13 21 2125
21 13 2125
13 149 15834
149 13 15834
13 16 11436
16 13 11436
13 141 2908
141 13 2908
13 91 9381
91 13 9381
13 26 2113
26 13 2113
13 78 10885
78 13 10885
13 38 14896
38 13 14896
13 61 15135
61 13 15135
13 67 14967
67 13 14967
13 140 14279
140 13 14279
13 45 2153
45 13 2153
13 39 8306
39 13 8306
13 44 1227
44 13 1227
13 74 7375
74 13 7375
14 59 13417
59 14 13417
14 107 13961
107 14 13961
14 103 5992
103 14 5992
14 23 3897
23 14 3897
14 58 6619
58 14 6619
14 85 15090
85 14 15090
14 69 14666
69 14 14666
14 26 10532
26 14 10532
14 99 14869
99 14 14869
14 40 11712
40 14 11712
14 123 10784
123 14 10784
14 101 11741
101 14 11741
14 87 6175
87 14 6175
14 129 16120
129 14 16120
14 46 4767
46 14 4767
14 132 14211
132 14 14211
14 125 4304
125 14 4304
14 37 3752
37 14 3752
14 63 6208
63 14 6208
14 74 16177
74 14 16177
14 113 9096
113 14 9096
14 148 12802
148 14 12802
14 62 8670
62 14 8670
14 119 995
119 14 995
14 106 14663
106 14 14663
14 88 4980
88 14 4980
14 81 16033
81 14 16033
14 29 15908
29 14 15908
14 71 8669
71 14 8669
14 84 7990
84 14 7990
14 43 8962
43 14 8962
14 96 1248
96 14 1248
14 65 10503
65 14 10503
14 31 6161
31 14 6161
14 110 12318
110 14 12318
14 28 8792
28 14 8792
14 126 7739
126 14 7739
14 76 4690
76 14 4690
14 35 14332
35 14 14332
14 114 6385
114 14 6385
14 145 14611
145 14 14611
14 41 6982
41 14 6982
14 33 13208
33 14 13208
14 51 403
51 14 403
14 52 2561
52 14 2561
14 56 2881
56 14 2881
14 90 3004
90 14 3004
14 136 6844
136 14 6844
14 61 14940
61 14 14940
14 135 15582
135 14 15582
14 82 10512
82 14 10512
14 36 2865
36 14 2865
14 48 1218
48 14 1218
14 54 5101
54 14 5101
14 138 9125
138 14 9125
14 115 15976
115 14 15976
14 55 7219
55 14 7219
14 141 6495
141 14 6495
14 109 11907
109 14 11907
14 95 4256
95 14 4256
14 75 7654
75 14 7654
15 93 4918
93 15 4918
15 56 15367
56 15 15367
15 89 16239
89 15 16239
15 108 12782
108 15 12782
15 78 9782
78 15 9782
15 31 2693
31 15 2693
15 147 395
147 15 395
15 91 3970
91 15 3970
15 136 11249
136 15 11249
15 105 1825
105 15 1825
15 122 11833
122 15 11833
15 137 1019
137 15 1019
15 86 9186
86 15 9186
15 129 7328
129 15 7328
15 145 13906
145 15 13906
15 109 6158
109 15 6158
15 29 12790
29 15 12790
15 138 2422
138 15 2422
15 41 7191
41 15 7191
15 60 5884
60 15 5884
15 39 23
39 15 23
15 38 10155
38 15 10155
15 57 7583
57 15 7583
15 19 3254
19 15 3254
15 83 3248
83 15 3248
15 35 16134
35 15 16134
15 27 6300
27 15 6300
15 51 16573
51 15 16573
15 16 12737
16 15 12737
15 121 8972
121 15 8972
15 88 12222
88 15 12222
15 98 10277
98 15 10277
15 127 3462
127 15 3462
15 140 4510
140 15 4510
15 112 4721
112 15 4721
15 148 1030
148 15 1030
15 33 3142
33 15 3142
15 143 9512
143 15 9512
15 100 11010
100 15 11010
15 32 10304
32 15 10304
15 142 2018
142 15 2018
15 67 6907
67 15 6907
15 84 1446
84 15 1446
15 43 15802
43 15 15802
15 17 1673
17 15 1673
15 40 4788
40 15 4788
15 72 16381
72 15 16381
15 42 12330
42 15 12330
15 20 2651
20 15 2651
15 74 7442
74 15 7442
15 92 12341
92 15 12341
15 85 1276
85 15 1276
15 73 11965
73 15 11965
15 116 4796
116 15 4796
15 111 8578
111 15 8578
15 96 2676
96 15 2676
15 106 14739
106 15 14739
15 26 13929
26 15 13929
15 139 8492
139 15 8492
15 62 1440
62 15 1440
15 34 14970
34 15 14970
15 70 13766
70 15 13766
15 87 7859
87 15 7859
15 71 12027
71 15 12027
16 60 8505
60 16 8505
16 91 14881
91 16 14881
16 68 7759
68 16 7759
16 114 3675
114 16 3675
16 47 7658
47 16 7658
16 40 16498
40 16 16498
16 104 11351
104 16 11351
16 89 3990
89 16 3990
16 141 14774
141 16 14774
16 49 2939
49 16 2939
16 34 15163
34 16 15163
16 75 15910
75 16 15910
16 139 5289
139 16 5289
16 51 10187
51 16 10187
16 59 15613
59 16 15613
16 25 1894
25 16 1894
16 21 4481
21 16 4481
16 19 619
19 16 619
16 128 15585
128 16 15585
16 106 6007
106 16 6007
16 138 3868
138 16 3868
16 137 13223
137 16 13223
16 113 8716
113 16 8716
16 70 11744
70 16 11744
16 121 316
121 16 316
16 147 16450
147 16 16450
16 112 10629
112 16 10629
16 97 2132
97 16 2132
16 65 1817
65 16 1817
16 88 15752
88 16 15752
16 99 8110
99 16 8110
16 120 7518
120 16 7518
16 71 786
71 16 786
16 136 13360
136 16 13360
16 107 15939
107 16 15939
16 111 11882
111 16 11882
16 69 15513
69 16 15513
16 32 6018
32 16 6018
16 129 3217
129 16 3217
16 126 1832
126 16 1832
16 18 14765
18 16 14765
16 95 11111
95 16 11111
16 130 10860
130 16 10860
16 26 2407
26 16 2407
16 72 9846
72 16 9846
16 93 15191
93 16 15191
16 83 3257
83 16 3257
16 127 5700
127 16 5700
16 50 10875
50 16 10875
16 42 2655
42 16 2655
16 133 1247
133 16 1247
16 82 675
82 16 675
16 39 12464
39 16 12464
16 80 1079
80 16 1079
16 100 10617
100 16 10617
16 27 1821
27 16 1821
16 76 1556
76 16 1556
16 132 3
132 16 3
16 85 15130
85 16 15130
16 144 15341
144 16 15341
16 143 14583
143 16 14583
16 149 16046
149 16 16046
16 24 278
24 16 278
16 110 4658
110 16 4658
16 90 16104
90 16 16104
16 57 4625
57 16 4625
16 79 15944
79 16 15944
16 117 856
117 16 856
16 64 1214
64 16 1214
16 146 13424
146 16 13424
17 113 1409
113 17 1409
17 68 3962
68 17 3962
17 47 9280
47 17 9280
17 85 5726
85 17 5726
17 145 1409
145 17 1409
17 78 6662
78 17 6662
17 96 12579
96 17 12579
17 118 3452
118 17 3452
17 103 4986
103 17 4986
17 148 7217
148 17 7217
17 39 10890
39 17 10890
17 125 10102
125 17 10102
17 28 10210
28 17 10210
17 128 11407
128 17 11407
17 23 15577
23 17 15577
17 89 5639
89 17 5639
17 22 9011
22 17 9011
17 49 2557
49 17 2557
17 126 10113
126 17 10113
17 87 510
87 17 510
17 32 3527
32 17 3527
17 93 14128
93 17 14128
17 130 3298
130 17 3298
17 149 1374
149 17 1374
17 127 14099
127 17 14099
17 97 13635
97 17 13635
17 71 10417
71 17 10417
17 105 7537
105 17 7537
17 134 12277
134 17 12277
17 81 14417
81 17 14417
17 43 7092
43 17 7092
17 18 533
18 17 533
17 107 2830
107 17 2830
17 119 104
119 17 104
17 146 14648
146 17 14648
17 53 15938
53 17 15938
17 72 3690
72 17 3690
17 80 13929
80 17 13929
17 56 10164
56 17 10164
17 135 10846
135 17 10846
17 55 10670
55 17 10670
17 59 11846
59 17 11846
17 51 8937
51 17 8937
17 102 9731
102 17 9731
17 90 2362
90 17 2362
17 132 13537
132 17 13537
17 139 1620
139 17 1620
17 73 6323
73 17 6323
17 120 15749
120 17 15749
17 74 13609
74 17 13609
17 44 10541
44 17 10541
17 79 8121
79 17 8121
17 24 10069
24 17 10069
17 144 572
144 17 572
17 129 2370
129 17 2370
17 52 45
52 17 45
17 136 13480
136 17 13480
17 108 7373
108 17 7373
17 60 9765
60 17 9765
17 64 13533
64 17 13533
17 95 4674
95 17 4674
17 77 13476
77 17 13476
17 106 3044
106 17 3044
17 111 3030
111 17 3030
17 76 14529
76 17 14529
18 101 9018
101 18 9018
18 21 14928
21 18 14928
18 54 16154
54 18 16154
18 127 2055
127 18 2055
18 34 9723
34 18 9723
18 113 10702
113 18 10702
18 131 16541
131 18 16541
18 69 10237
69 18 10237
18 149 4497
149 18 4497
18 37 10304
37 18 10304
18 117 12620
117 18 12620
18 75 4483
75 18 4483
18 89 11045
89 18 11045
18 94 11465
94 18 11465
18 134 14679
134 18 14679
18 145 16537
145 18 16537
18 66 13832
66 18 13832
18 129 7266
129 18 7266
18 25 5454
25 18 5454
18 99 14593
99 18 14593
18 22 7551
22 18 7551
18 81 4755
81 18 4755
18 46 5381
46 18 5381
18 55 7377
55 18 7377
18 106 14137
106 18 14137
18 86 7431
86 18 7431
18 147 8878
147 18 8878
18 104 14591
104 18 14591
18 137 7264
137 18 7264
18 70 6027
70 18 6027
18 72 2791
72 18 2791
18 74 1713
74 18 1713
18 23 10343
23 18 10343
18 78 3181
78 18 3181
18 77 11929
77 18 11929
18 47 2313
47 18 2313
18 71 3797
71 18 3797
18 76 10183
76 18 10183
18 100 10131
100 18 10131
18 42 11335
42 18 11335
18 27 5500
27 18 5500
18 52 14641
52 18 14641
18 125 4723
125 18 4723
18 95 13327
95 18 13327
18 112 6493
112 18 6493
18 92 11305
92 18 11305
18 68 3915
68 18 3915
18 122 13628
122 18 13628
18 48 2042
48 18 2042
18 138 16256
138 18 16256
18 30 10735
30 18 10735
18 44 443
44 18 443
18 93 2486
93 18 2486
18 35 11093
35 18 11093
18 103 13104
103 18 13104
18 116 1153
116 18 1153
18 130 12033
130 18 12033
18 53 1231
53 18 1231
18 87 7800
87 18 7800
18 73 10340
73 18 10340
18 107 5422
107 18 5422
18 38 10498
38 18 10498
18 144 14665
144 18 14665
18 50 3601
50 18 3601
18 83 2348
83 18 2348
19 132 4962
132 19 4962
19 136 15776
136 19 15776
19 118 14604
118 19 14604
19 149 16258
149 19 16258
19 29 1636
29 19 1636
19 66 14055
66 19 14055
19 34 13277
34 19 13277
19 42 5975
42 19 5975
19 122 2238
122 19 2238
19 75 15938
75 19 15938
19 27 743
27 19 743
19 50 5337
50 19 5337
19 86 12584
86 19 12584
19 31 8850
31 19 8850
19 82 15445
82 19 15445
19 56 2884
56 19 2884
19 48 11686
48 19 11686
19 108 14775
108 19 14775
19 125 13024
125 19 13024
19 24 11922
24 19 11922
19 113 16314
113 19 16314
19 109 9328
109 19 9328
19 97 16111
97 19 16111
19 141 15692
141 19 15692
19 39 8807
39 19 8807
19 22 4525
22 19 4525
19 28 13889
28 19 13889
19 36 16378
36 19 16378
19 84 13536
84 19 13536
19 71 2412
71 19 2412
19 83 1750
83 19 1750
19 21 14161
21 19 14161
19 102 11688
102 19 11688
19 120 13380
120 19 13380
19 96 15286
96 19 15286
19 145 15922
145 19 15922
19 140 15705
140 19 15705
19 85 7199
85 19 7199
19 60 5616
60 19 5616
19 135 11972
135 19 11972
19 89 10027
89 19 10027
19 129 8796
129 19 8796
19 119 9424
119 19 9424
19 87 13579
87 19 13579
19 47 8802
47 19 8802
19 35 9158
35 19 9158
19 23 7844
23 19 7844
19 139 3921
139 19 3921
19 92 6407
92 19 6407
19 20 11294
20 19 11294
19 116 16699
116 19 16699
19 99 10834
99 19 10834
19 137 9178
137 19 9178
19 81 15484
81 19 15484
19 124 15468
124 19 15468
19 79 6810
79 19 6810
19 138 4532
138 19 4532
19 74 5975
74 19 5975
19 58 4387
58 19 4387
19 128 10403
128 19 10403
19 105 9247
105 19 9247
20 54 16052
54 20 16052
20 65 11219
65 20 11219
20 124 5918
124 20 5918
20 139 9877
139 20 9877
20 85 7917
85 20 7917
20 148 1719
148 20 1719
20 106 14340
106 20 14340
20 97 7778
97 20 7778
20 104 6087
104 20 6087
20 21 13117
21 20 13117
20 35 4944
35 20 4944
20 98 7793
98 20 7793
20 132 8673
132 20 8673
20 76 5152
76 20 5152
20 74 5140
74 20 5140
20 133 8998
133 20 8998
20 140 770
140 20 770
20 82 1785
82 20 1785
20 118 13548
118 20 13548
20 70 6809
70 20 6809
20 25 13663
25 20 13663
20 93 4676
93 20 4676
20 28 15441
28 20 15441
20 57 12194
57 20 12194
20 108 2249
108 20 2249
20 117 6952
117 20 6952
20 111 9083
111 20 9083
20 89 4177
89 20 4177
20 109 14779
109 20 14779
20 72 11488
72 20 11488
20 66 2530
66 20 2530
20 91 13307
91 20 13307
20 42 3126
42 20 3126
20 134 16088
134 20 16088
20 125 1219
125 20 1219
20 67 16649
67 20 16649
20 101 1250
101 20 1250
20 60 6669
60 20 6669
20 92 1019
92 20 1019
20 22 8474
22 20 8474
20 77 3014
77 20 3014
20 129 216
129 20 216
20 99 539
99 20 539
20 43 10283
43 20 10283
20 128 12877
128 20 12877
20 23 13461
23 20 13461
20 51 12716
51 20 12716
20 94 1638
94 20 1638
20 39 6104
39 20 6104
20 59 3770
59 20 3770
20 33 9320
33 20 9320
20 38 1828
38 20 1828
20 119 6041
119 20 6041
20 58 10229
58 20 10229
20 81 8227
81 20 8227
20 45 2664
45 20 2664
20 75 13242
75 20 13242
20 30 2245
30 20 2245
20 41 5869
41 20 5869
20 68 3553
68 20 3553
20 44 8053
44 20 8053
20 146 13256
146 20 13256
20 120 16455
120 20 16455
20 26 3535
26 20 3535
20 145 12085
145 20 12085
20 40 4612
40 20 4612
21 72 4331
72 21 4331
21 33 12913
33 21 12913
21 98 11534
98 21 11534
21 52 7611
52 21 7611
21 76 1470
76 21 1470
21 126 4157
126 21 4157
21 62 6522
62 21 6522
21 67 9527
67 21 9527
21 25 4842
25 21 4842
21 48 4460
48 21 4460
21 103 6833
103 21 6833
21 120 4181
120 21 4181
21 35 15319
35 21 15319
21 71 365
71 21 365
21 85 1489
85 21 1489
21 59 3816
59 21 3816
21 55 4714
55 21 4714
21 142 8889
142 21 8889
21 134 573
134 21 573
21 113 12963
113 21 12963
21 137 9141
137 21 9141
21 118 7160
118 21 7160
21 117 12837
117 21 12837
21 70 3766
70 21 3766
21 57 16424
57 21 16424
21 23 11211
23 21 11211
21 63 9470
63 21 9470
21 110 13035
110 21 13035
21 58 8906
58 21 8906
21 128 5971
128 21 5971
21 50 12577
50 21 12577
21 44 757
44 21 757
21 77 4841
77 21 4841
21 24 6187
24 21 6187
21 60 649
60 21 649
21 61 7428
61 21 7428
21 49 10129
49 21 10129
21 30 15525
30 21 15525
21 121 7034
121 21 7034
21 145 6018
145 21 6018
21 56 13370
56 21 13370
21 104 12741
104 21 12741
21 139 3155
139 21 3155
21 89 11887
89 21 11887
21 135 16176
135 21 16176
21 94 9715
94 21 9715
21 96 11724
96 21 11724
21 75 4197
75 21 4197
21 90 2415
90 21 2415
21 51 14329
51 21 14329
21 101 1779
101 21 1779
21 146 4545
146 21 4545
21 40 10553
40 21 10553
21 26 10679
26 21 10679
21 92 1100
92 21 1100
21 79 8322
79 21 8322
21 69 10778
69 21 10778
21 66 14360
66 21 14360
21 143 16604
143 21 16604
21 88 7838
88 21 7838
21 91 11615
91 21 11615
22 84 9958
84 22 9958
22 79 14259
79 22 14259
22 31 16179
31 22 16179
22 124 1077
124 22 1077
22 137 8993
137 22 8993
22 95 3074
95 22 3074
22 89 12902
89 22 12902
22 121 13283
121 22 13283
22 96 6660
96 22 6660
22 91 4093
91 22 4093
22 34 5104
34 22 5104
22 77 11307
77 22 11307
22 116 12539
116 22 12539
22 125 3925
125 22 3925
22 136 12824
136 22 12824
22 112 16507
112 22 16507
22 58 7916
58 22 7916
22 146 4550
146 22 4550
22 30 9493
30 22 9493
22 145 5960
145 22 5960
22 38 6175
38 22 6175
22 66 10271
66 22 10271
22 73 9731
73 22 9731
22 107 14173
107 22 14173
22 102 12547
102 22 12547
22 75 8880
75 22 8880
22 120 12294
120 22 12294
22 114 4934
114 22 4934
22 106 6843
106 22 6843
22 82 3264
82 22 3264
22 71 8650
71 22 8650
22 127 7987
127 22 7987
22 62 10794
62 22 10794
22 65 257
65 22 257
22 148 2030
148 22 2030
22 68 12343
68 22 12343
22 144 2742
144 22 2742
22 64 14359
64 22 14359
22 50 1989
50 22 1989
22 119 7761
119 22 7761
22 81 14470
81 22 14470
22 51 16420
51 22 16420
22 49 12411
49 22 12411
22 123 10377
123 22 10377
22 143 11999
143 22 11999
22 126 1992
126 22 1992
22 118 16692
118 22 16692
22 115 7230
115 22 7230
22 35 6739
35 22 6739
22 111 3333
111 22 3333
22 53 11385
53 22 11385
22 97 13339
97 22 13339
23 81 4302
81 23 4302
23 147 8002
147 23 8002
23 142 1680
142 23 1680
23 75 11417
75 23 11417
23 141 5214
141 23 5214
23 36 12051
36 23 12051
23 50 5294
50 23 5294
23 111 5204
111 23 5204
23 54 15569
54 23 15569
23 123 7017
123 23 7017
23 136 1133
136 23 1133
23 88 2702
88 23 2702
23 124 16424
124 23 16424
23 104 9512
104 23 9512
23 52 6028
52 23 6028
23 130 12553
130 23 12553
23 94 14952
94 23 14952
23 132 2686
132 23 2686
23 29 3914
29 23 3914
23 33 89
33 23 89
23 64 5744
64 23 5744
23 135 9673
135 23 9673
23 82 10717
82 23 10717
23 118 6862
118 23 6862
23 45 6143
45 23 6143
23 76 5768
76 23 5768
23 119 11407
119 23 11407
23 100 8011
100 23 8011
23 74 11036
74 23 11036
23 107 824
107 23 824
23 60 11540
60 23 11540
23 37 7933
37 23 7933
23 87 3897
87 23 3897
23 42 190
42 23 190
23 143 14911
143 23 14911
23 83 15678
83 23 15678
23 127 4062
127 23 4062
23 140 15096
140 23 15096
23 46 16279
46 23 16279
23 53 951
53 23 951
23 91 16255
91 23 16255
23 96 11068
96 23 11068
23 56 4924
56 23 4924
23 32 8181
32 23 8181
23 71 16491
71 23 16491
23 34 3778
34 23 3778
23 67 7403
67 23 7403
23 84 6283
84 23 6283
23 102 3278
102 23 3278
23 61 8306
61 23 8306
23 113 11792
113 23 11792
23 89 10644
89 23 10644
23 109 5882
109 23 5882
23 105 9755
105 23 9755
23 148 2503
148 23 2503
23 149 10172
149 23 10172
23 138 4425
138 23 4425
24 139 582
139 24 582
24 30 9360
30 24 9360
24 57 1000
57 24 1000
24 140 11782
140 24 11782
24 120 12481
120 24 12481
24 38 13098
38 24 13098
24 124 5659
124 24 5659
24 95 1664
95 24 1664
24 47 5857
47 24 5857
24 83 4950
83 24 4950
24 112 15488
112 24 15488
24 79 8517
79 24 8517
24 96 7390
96 24 7390
24 73 16411
73 24 16411
24 134 5545
134 24 5545
24 32 12705
32 24 12705
24 149 7311
149 24 7311
24 28 14177
28 24 14177
24 138 15235
138 24 15235
24 85 9353
85 24 9353
24 116 11416
116 24 11416
24 81 11318
81 24 11318
24 25 12247
25 24 12247
24 98 10665
98 24 10665
24 53 6401
53 24 6401
24 99 5897
99 24 5897
24 118 1438
118 24 1438
24 37 12493
37 24 12493
24 132 10298
132 24 10298
24 128 16710
128 24 16710
24 70 8861
70 24 8861
24 144 8654
144 24 8654
24 113 4170
113 24 4170
24 42 5271
42 24 5271
24 102 6693
102 24 6693
24 105 10434
105 24 10434
24 44 8363
44 24 8363
24 145 16213
145 24 16213
24 123 7145
123 24 7145
24 142 5848
142 24 5848
24 65 13454
65 24 13454
24 91 13460
91 24 13460
24 107 756
107 24 756
24 133 11077
133 24 11077
24 46 16097
46 24 16097
24 66 7283
66 24 7283
24 109 4515
109 24 4515
24 100 14906
100 24 14906
24 40 5532
40 24 5532
24 94 8136
94 24 8136
24 58 2811
58 24 2811
24 55 7551
55 24 7551
24 126 1694
126 24 1694
24 51 10030
51 24 10030
24 56 5481
56 24 5481
24 45 5664
45 24 5664
24 62 15002
62 24 15002
24 119 567
119 24 567
24 80 12564
80 24 12564
24 115 8210
115 24 8210
24 61 8756
61 24 8756
24 90 4589
90 24 4589
24 141 9901
141 24 9901
24 41 14109
41 24 14109
24 77 15899
77 24 15899
24 34 11217
34 24 11217
24 78 12540
78 24 12540
24 43 14385
43 24 14385
24 26 9000
26 24 9000
24 148 8787
148 24 8787
24 31 5608
31 24 5608
25 96 12100
96 25 12100
25 90 11651
90 25 11651
25 80 10338
80 25 10338
25 77 12073
77 25 12073
25 94 15512
94 25 15512
25 124 757
124 25 757
25 100 3933
100 25 3933
25 82 4807
82 25 4807
25 79 9837
79 25 9837
25 103 6336
103 25 6336
25 135 360
135 25 360
25 51 2405
51 25 2405
25 67 2941
67 25 2941
25 33 9065
33 25 9065
25 68 13751
68 25 13751
25 46 10872
46 25 10872
25 130 7578
130 25 7578
25 85 6578
85 25 6578
25 43 9164
43 25 9164
25 112 10234
112 25 10234
25 93 3571
93 25 3571
25 138 11891
138 25 11891
25 50 5483
50 25 5483
25 58 557
58 25 557
25 95 12709
95 25 12709
25 141 12273
141 25 12273
25 35 16753
35 25 16753
25 74 16250
74 25 16250
25 123 11888
123 25 11888
25 84 15126
84 25 15126
25 65 5172
65 25 5172
25 144 10912
144 25 10912
25 57 13915
57 25 13915
