100 7424
0 41 767
41 0 767
0 9 4414
9 0 4414
0 30 3309
30 0 3309
0 56 5183
56 0 5183
0 52 7737
52 0 7737
0 29 8052
29 0 8052
0 15 295
15 0 295
0 65 910
65 0 910
0 93 731
93 0 731
0 20 4037
20 0 4037
0 67 1449
67 0 1449
0 86 7342
86 0 7342
0 49 940
49 0 940
0 5 4
5 0 4
0 83 3918
83 0 3918
0 64 9185
64 0 9185
0 63 455
63 0 455
0 71 2936
71 0 2936
0 34 7628
34 0 7628
0 92 446
92 0 446
0 59 6719
59 0 6719
0 78 10742
78 0 10742
0 37 2368
37 0 2368
0 79 714
79 0 714
0 95 5963
95 0 5963
0 24 9972
24 0 9972
0 2 6552
2 0 6552
0 94 2403
94 0 2403
0 62 5109
62 0 5109
0 11 1721
11 0 1721
0 39 1459
39 0 1459
0 77 8131
77 0 8131
0 55 7768
55 0 7768
0 25 3913
25 0 3913
0 23 1214
23 0 1214
0 45 6430
45 0 6430
0 53 1026
53 0 1026
0 16 3429
16 0 3429
0 31 667
31 0 667
0 73 3166
73 0 3166
0 90 1095
90 0 1095
0 54 2691
54 0 2691
0 87 5218
87 0 5218
0 26 5205
26 0 5205
0 72 649
72 0 649
0 82 11059
82 0 11059
0 21 1024
21 0 1024
0 17 9142
17 0 9142
0 4 80
4 0 80
0 88 2810
88 0 2810
0 76 10626
76 0 10626
0 50 10124
50 0 10124
0 69 5601
69 0 5601
0 81 51
81 0 51
0 98 668
98 0 668
0 97 7054
97 0 7054
0 7 3175
7 0 3175
0 6 6578
6 0 6578
0 22 1920
22 0 1920
0 44 5907
44 0 5907
0 3 9725
3 0 9725
0 43 8721
43 0 8721
0 27 8172
27 0 8172
0 57 10393
57 0 10393
0 74 9740
74 0 9740
0 80 9839
80 0 9839
0 46 2931
46 0 2931
0 60 2275
60 0 2275
0 10 6104
10 0 6104
0 47 3818
47 0 3818
0 84 1082
84 0 1082
0 89 10197
89 0 10197
0 58 9162
58 0 9162
0 48 4019
48 0 4019
0 38 1670
38 0 1670
0 42 10114
42 0 10114
0 61 2256
61 0 2256
0 75 1413
75 0 1413
0 8 6265
8 0 6265
0 99 3667
99 0 3667
0 35 7600
35 0 7600
0 12 10542
12 0 10542
1 8 8213
8 1 8213
1 76 6143
76 1 6143
1 82 9103
82 1 9103
1 91 134
91 1 134
1 19 3423
19 1 3423
1 39 7486
39 1 7486
1 54 4037
54 1 4037
1 58 3147
58 1 3147
1 44 9737
44 1 9737
1 3 11032
3 1 11032
1 26 5646
26 1 5646
1 72 5456
72 1 5456
1 12 9244
12 1 9244
1 52 6715
52 1 6715
1 55 1596
55 1 1596
1 15 5207
15 1 5207
1 75 2648
75 1 2648
1 83 10324
83 1 10324
1 80 400
80 1 400
1 77 914
77 1 914
1 86 10382
86 1 10382
1 13 2879
13 1 2879
1 14 9045
14 1 9045
1 42 3770
42 1 3770
1 40 8596
40 1 8596
1 49 9854
49 1 9854
1 56 7576
56 1 7576
1 11 5634
11 1 5634
1 53 122
53 1 122
1 73 736
73 1 736
1 29 7164
29 1 7164
1 57 2519
57 1 2519
1 90 5760
90 1 5760
1 2 8
2 1 8
1 21 166
21 1 166
1 51 4103
51 1 4103
1 32 6834
32 1 6834
1 23 9738
23 1 9738
1 50 995
50 1 995
1 16 1679
16 1 1679
1 27 3121
27 1 3121
1 63 8912
63 1 8912
1 20 4511
20 1 4511
1 48 8013
48 1 8013
1 84 2026
84 1 2026
1 69 2133
69 1 2133
1 10 856
10 1 856
1 94 9510
94 1 9510
1 45 3856
45 1 3856
1 67 2707
67 1 2707
1 70 9623
70 1 9623
1 89 5682
89 1 5682
1 60 3424
60 1 3424
1 78 6670
78 1 6670
1 68 4304
68 1 4304
1 24 943
24 1 943
1 17 3484
17 1 3484
1 5 6326
5 1 6326
1 85 9332
85 1 9332
1 4 1271
4 1 1271
1 92 1790
92 1 1790
1 9 9037
9 1 9037
1 22 870
22 1 870
1 65 1411
65 1 1411
1 87 10606
87 1 10606
2 59 9203
59 2 9203
2 90 3993
90 2 3993
2 70 4510
70 2 4510
2 29 3597
29 2 3597
2 17 4128
17 2 4128
2 89 10253
89 2 10253
2 25 1664
25 2 1664
2 26 1235
26 2 1235
2 52 9505
52 2 9505
2 78 1853
78 2 1853
2 24 3920
24 2 3920
2 28 938
28 2 938
2 65 9807
65 2 9807
2 91 3425
91 2 3425
2 22 4813
22 2 4813
2 71 1610
71 2 1610
2 37 5135
37 2 5135
2 3 5452
3 2 5452
2 66 365
66 2 365
2 23 9633
23 2 9633
2 16 6312
16 2 6312
2 15 10694
15 2 10694
2 81 5979
81 2 5979
2 30 3982
30 2 3982
2 4 2590
4 2 2590
2 72 6193
72 2 6193
2 21 6983
21 2 6983
2 41 9317
41 2 9317
2 18 6832
18 2 6832
2 60 4526
60 2 4526
2 74 4459
74 2 4459
2 62 7172
62 2 7172
2 44 3606
44 2 3606
2 47 10863
47 2 10863
2 33 7599
33 2 7599
2 79 7952
79 2 7952
2 40 7565
40 2 7565
2 67 7193
67 2 7193
2 69 6850
69 2 6850
2 76 500
76 2 500
2 51 3282
51 2 3282
2 38 1158
38 2 1158
2 7 5655
7 2 5655
2 94 3074
94 2 3074
2 32 7440
32 2 7440
2 39 10652
39 2 10652
2 43 3921
43 2 3921
2 87 6100
87 2 6100
2 77 966
77 2 966
2 45 6527
45 2 6527
2 20 4931
20 2 4931
2 88 594
88 2 594
2 73 6874
73 2 6874
2 82 7017
82 2 7017
2 56 103
56 2 103
2 57 8801
57 2 8801
2 75 9608
75 2 9608
2 34 9509
34 2 9509
2 27 3033
27 2 3033
2 42 6444
42 2 6444
2 13 7588
13 2 7588
2 46 4578
46 2 4578
2 50 8318
50 2 8318
2 12 9552
12 2 9552
2 14 4620
14 2 4620
2 96 2012
96 2 2012
2 54 6717
54 2 6717
2 48 2038
48 2 2038
2 93 9656
93 2 9656
2 49 1702
49 2 1702
2 63 7642
63 2 7642
2 53 6061
53 2 6061
3 62 3778
62 3 3778
3 33 5179
33 3 5179
3 70 5173
70 3 5173
3 48 10042
48 3 10042
3 58 2993
58 3 2993
3 68 9916
68 3 9916
3 4 4508
4 3 4508
3 50 6923
50 3 6923
3 84 8913
84 3 8913
3 55 469
55 3 469
3 79 2913
79 3 2913
3 75 4389
75 3 4389
3 93 3122
93 3 3122
3 15 11123
15 3 11123
3 37 3135
37 3 3135
3 69 10607
69 3 10607
3 67 2030
67 3 2030
3 90 5318
90 3 5318
3 61 11123
61 3 11123
3 27 1642
27 3 1642
3 16 208
16 3 208
3 82 2491
82 3 2491
3 65 3830
65 3 3830
3 43 9491
43 3 9491
3 30 573
30 3 573
3 11 7990
11 3 7990
3 86 10783
86 3 10783
3 97 5180
97 3 5180
3 28 7147
28 3 7147
3 22 5348
22 3 5348
3 46 10828
46 3 10828
3 32 44
32 3 44
3 6 1039
6 3 1039
3 72 412
72 3 412
3 23 698
23 3 698
3 9 3279
9 3 3279
3 26 10063
26 3 10063
3 31 3087
31 3 3087
3 51 7105
51 3 7105
3 40 8754
40 3 8754
3 10 9733
10 3 9733
3 24 8008
24 3 8008
3 63 1536
63 3 1536
3 92 7692
92 3 7692
3 66 2810
66 3 2810
3 87 2040
87 3 2040
3 57 6110
57 3 6110
3 85 3763
85 3 3763
3 25 4549
25 3 4549
3 5 4549
5 3 4549
3 95 2762
95 3 2762
3 29 10344
29 3 10344
3 36 10385
36 3 10385
3 45 6550
45 3 6550
3 64 7218
64 3 7218
3 91 4219
91 3 4219
3 83 4716
83 3 4716
3 98 3423
98 3 3423
3 21 1391
21 3 1391
3 80 1826
80 3 1826
3 52 4660
52 3 4660
3 54 7751
54 3 7751
3 77 5129
77 3 5129
3 99 2471
99 3 2471
3 8 2258
8 3 2258
3 38 7867
38 3 7867
3 53 10405
53 3 10405
3 34 10810
34 3 10810
3 35 4334
35 3 4334
3 14 10369
14 3 10369
3 44 7588
44 3 7588
3 20 10025
20 3 10025
3 17 8072
17 3 8072
3 96 5188
96 3 5188
3 76 7800
76 3 7800
3 47 8024
47 3 8024
4 25 9122
25 4 9122
4 36 6531
36 4 6531
4 73 2270
73 4 2270
4 15 2153
15 4 2153
4 46 3667
46 4 3667
4 23 4603
23 4 4603
4 32 2326
32 4 2326
4 49 3922
49 4 3922
4 89 10217
89 4 10217
4 65 5673
65 4 5673
4 72 103
72 4 103
4 26 360
26 4 360
4 27 9157
27 4 9157
4 8 5503
8 4 5503
4 33 6031
33 4 6031
4 53 7879
53 4 7879
4 67 6033
67 4 6033
4 13 703
13 4 703
4 42 9139
42 4 9139
4 69 10515
69 4 10515
4 5 4630
5 4 4630
4 87 8656
87 4 8656
4 55 5951
55 4 5951
4 79 2169
79 4 2169
4 80 2328
80 4 2328
4 52 2013
52 4 2013
4 40 55
40 4 55
4 41 1696
41 4 1696
4 60 1971
60 4 1971
4 54 11030
54 4 11030
4 50 4066
50 4 4066
4 76 6103
76 4 6103
4 88 7708
88 4 7708
4 34 5673
34 4 5673
4 77 9273
77 4 9273
4 81 8502
81 4 8502
4 24 7577
24 4 7577
4 94 485
94 4 485
4 37 1460
37 4 1460
4 28 1589
28 4 1589
4 11 4841
11 4 4841
4 58 6877
58 4 6877
4 99 3097
99 4 3097
4 10 10177
10 4 10177
4 75 10438
75 4 10438
4 63 232
63 4 232
4 64 148
64 4 148
4 17 7929
17 4 7929
4 68 8152
68 4 8152
4 97 7984
97 4 7984
4 85 7904
85 4 7904
4 71 3285
71 4 3285
4 61 4303
61 4 4303
4 84 5556
84 4 5556
4 47 7167
47 4 7167
4 62 5767
62 4 5767
4 39 9426
39 4 9426
4 86 8298
86 4 8298
4 20 7920
20 4 7920
4 6 5415
6 4 5415
4 35 3220
35 4 3220
4 12 1763
12 4 1763
4 9 6192
9 4 6192
4 56 3744
56 4 3744
4 98 8408
98 4 8408
4 70 1931
70 4 1931
4 48 9925
48 4 9925
4 21 10257
21 4 10257
4 16 6109
16 4 6109
4 74 1075
74 4 1075
4 92 1206
92 4 1206
4 51 424
51 4 424
5 92 10747
92 5 10747
5 59 7327
59 5 7327
5 35 1797
35 5 1797
5 47 10119
47 5 10119
5 52 3609
52 5 3609
5 23 6739
23 5 6739
5 27 2946
27 5 2946
5 54 5306
54 5 5306
5 61 3963
61 5 3963
5 88 8518
88 5 8518
5 81 1594
81 5 1594
5 43 1437
43 5 1437
5 40 8993
40 5 8993
5 68 1842
68 5 1842
5 82 1513
82 5 1513
5 94 9899
94 5 9899
5 91 8239
91 5 8239
5 28 9696
28 5 9696
5 98 4149
98 5 4149
5 17 6177
17 5 6177
5 9 1800
9 5 1800
5 41 7130
41 5 7130
5 25 5128
25 5 5128
5 16 9953
16 5 9953
5 26 6046
26 5 6046
5 86 607
86 5 607
5 84 3769
84 5 3769
5 89 2617
89 5 2617
5 31 3784
31 5 3784
5 74 1844
74 5 1844
5 99 11122
99 5 11122
5 60 3653
60 5 3653
5 76 8415
76 5 8415
5 57 9515
57 5 9515
5 15 44
15 5 44
5 51 6938
51 5 6938
5 7 2173
7 5 2173
5 8 9823
8 5 9823
5 49 9219
49 5 9219
5 73 5730
73 5 5730
5 14 1759
14 5 1759
5 58 2714
58 5 2714
5 80 4072
80 5 4072
5 36 7219
36 5 7219
5 93 6914
93 5 6914
5 90 6863
90 5 6863
5 67 4906
67 5 4906
5 70 10235
70 5 10235
5 33 9689
33 5 9689
5 97 5883
97 5 5883
5 75 8261
75 5 8261
5 83 2415
83 5 2415
5 18 9076
18 5 9076
5 53 3500
53 5 3500
5 42 10593
42 5 10593
5 30 438
30 5 438
5 85 3810
85 5 3810
5 6 8170
6 5 8170
5 95 3120
95 5 3120
5 63 2173
63 5 2173
5 38 3824
38 5 3824
5 29 2521
29 5 2521
5 39 379
39 5 379
5 62 11005
62 5 11005
5 71 4401
71 5 4401
5 65 7246
65 5 7246
5 22 1840
22 5 1840
5 10 10637
10 5 10637
5 19 7232
19 5 7232
5 12 4560
12 5 4560
5 55 11037
55 5 11037
6 17 10731
17 6 10731
6 35 692
35 6 692
6 98 9259
98 6 9259
6 43 479
43 6 479
6 10 9004
10 6 9004
6 52 4088
52 6 4088
6 96 2631
96 6 2631
6 54 7204
54 6 7204
6 94 2769
94 6 2769
6 65 7465
65 6 7465
6 15 9022
15 6 9022
6 20 5574
20 6 5574
6 34 11069
34 6 11069
6 36 1819
36 6 1819
6 89 5658
89 6 5658
6 69 9007
69 6 9007
6 31 9249
31 6 9249
6 49 9733
49 6 9733
6 59 9078
59 6 9078
6 9 4242
9 6 4242
6 40 4259
40 6 4259
6 60 7287
60 6 7287
6 16 9594
16 6 9594
6 76 7634
76 6 7634
6 12 7849
12 6 7849
6 7 4743
7 6 4743
6 11 10555
11 6 10555
6 53 5281
53 6 5281
6 46 2227
46 6 2227
6 71 10559
71 6 10559
6 33 8249
33 6 8249
6 87 3469
87 6 3469
6 58 3799
58 6 3799
6 82 3382
82 6 3382
6 26 5254
26 6 5254
6 70 9508
70 6 9508
6 72 624
72 6 624
6 38 1336
38 6 1336
6 21 69
21 6 69
6 74 754
74 6 754
6 8 3464
8 6 3464
6 25 10209
25 6 10209
6 62 7865
62 6 7865
6 73 2453
73 6 2453
6 64 308
64 6 308
6 56 4165
56 6 4165
6 90 7128
90 6 7128
6 77 3349
77 6 3349
6 83 7592
83 6 7592
6 44 66
44 6 66
6 30 6945
30 6 6945
6 79 8268
79 6 8268
6 18 7666
18 6 7666
6 13 10096
13 6 10096
6 55 4457
55 6 4457
6 93 3188
93 6 3188
6 97 9893
97 6 9893
6 42 5975
42 6 5975
6 91 8108
91 6 8108
6 99 2647
99 6 2647
6 50 6426
50 6 6426
6 48 1802
48 6 1802
6 37 3096
37 6 3096
6 84 1262
84 6 1262
6 78 7243
78 6 7243
6 95 4999
95 6 4999
6 27 5336
27 6 5336
6 75 8456
75 6 8456
7 60 9899
60 7 9899
7 53 706
53 7 706
7 9 9119
9 7 9119
7 54 8111
54 7 8111
7 51 3054
51 7 3054
7 58 8405
58 7 8405
7 84 10139
84 7 10139
7 20 6249
20 7 6249
7 47 9828
47 7 9828
7 87 5663
87 7 5663
7 22 10105
22 7 10105
7 26 6278
26 7 6278
7 83 2834
83 7 2834
7 50 3902
50 7 3902
7 38 5489
38 7 5489
7 57 5771
57 7 5771
7 97 995
97 7 995
7 71 3507
71 7 3507
7 85 8182
85 7 8182
7 76 9066
76 7 9066
7 12 10373
12 7 10373
7 79 3054
79 7 3054
7 36 82
36 7 82
7 37 2062
37 7 2062
7 95 8141
95 7 8141
7 8 5070
8 7 5070
7 16 8702
16 7 8702
7 23 935
23 7 935
7 27 8461
27 7 8461
7 10 3500
10 7 3500
7 68 662
68 7 662
7 78 6635
78 7 6635
7 65 8862
65 7 8862
7 17 6461
17 7 6461
7 75 2801
75 7 2801
7 59 3880
59 7 3880
7 46 10453
46 7 10453
7 89 8983
89 7 8983
7 45 2370
45 7 2370
7 18 3542
18 7 3542
7 94 10147
94 7 10147
7 81 8338
81 7 8338
7 41 2300
41 7 2300
7 21 288
21 7 288
7 92 2038
92 7 2038
7 55 4105
55 7 4105
7 30 3283
30 7 3283
7 91 6086
91 7 6086
7 77 1541
77 7 1541
7 14 6984
14 7 6984
7 96 6308
96 7 6308
7 90 127
90 7 127
7 69 5600
69 7 5600
7 33 8407
33 7 8407
7 66 5432
66 7 5432
7 49 7772
49 7 7772
7 99 2912
99 7 2912
7 88 8809
88 7 8809
7 25 1346
25 7 1346
7 24 1246
24 7 1246
7 52 2173
52 7 2173
7 40 3837
40 7 3837
7 19 3683
19 7 3683
7 61 3558
61 7 3558
7 28 2094
28 7 2094
7 62 1385
62 7 1385
7 86 9158
86 7 9158
7 44 1135
44 7 1135
7 67 432
67 7 432
7 31 2315
31 7 2315
8 49 9093
49 8 9093
8 81 5813
81 8 5813
8 75 9837
75 8 9837
8 33 10498
33 8 10498
8 80 9109
80 8 9109
8 69 3070
69 8 3070
8 32 2964
32 8 2964
8 63 8881
63 8 8881
8 10 2092
10 8 2092
8 62 7503
62 8 7503
8 48 6550
48 8 6550
8 65 5596
65 8 5596
8 36 7669
36 8 7669
8 87 6031
87 8 6031
8 55 6185
55 8 6185
8 30 5294
30 8 5294
8 79 9693
79 8 9693
8 99 4572
99 8 4572
8 28 3739
28 8 3739
8 45 925
45 8 925
8 93 5863
93 8 5863
8 26 7626
26 8 7626
8 21 4941
21 8 4941
8 46 3906
46 8 3906
8 41 4753
41 8 4753
8 12 3048
12 8 3048
8 40 281
40 8 281
8 54 2122
54 8 2122
8 83 8101
83 8 8101
8 25 6015
25 8 6015
8 61 3064
61 8 3064
8 72 5866
72 8 5866
8 27 6317
27 8 6317
8 66 4642
66 8 4642
8 60 10209
60 8 10209
8 98 4693
98 8 4693
8 56 281
56 8 281
8 19 9066
19 8 9066
8 18 4850
18 8 4850
8 74 4164
74 8 4164
8 51 8813
51 8 8813
8 96 10725
96 8 10725
8 71 6547
71 8 6547
8 89 1862
89 8 1862
8 82 9223
82 8 9223
8 94 10514
94 8 10514
8 73 8996
73 8 8996
8 24 8826
24 8 8826
8 91 1478
91 8 1478
8 57 10016
57 8 10016
8 9 4236
9 8 4236
8 77 3887
77 8 3887
8 20 8050
20 8 8050
8 88 5903
88 8 5903
8 58 1777
58 8 1777
8 78 5707
78 8 5707
8 90 6049
90 8 6049
8 76 10472
76 8 10472
8 13 9792
13 8 9792
8 86 4668
86 8 4668
8 39 9204
39 8 9204
8 97 8458
97 8 8458
8 23 6533
23 8 6533
8 11 5415
11 8 5415
8 52 4584
52 8 4584
8 17 3468
17 8 3468
8 50 10140
50 8 10140
8 37 4773
37 8 4773
8 70 2266
70 8 2266
8 59 5285
59 8 5285
9 78 6011
78 9 6011
9 20 7899
20 9 7899
9 52 2904
52 9 2904
9 35 3862
35 9 3862
9 21 254
21 9 254
9 90 1201
90 9 1201
9 54 7615
54 9 7615
9 80 9427
80 9 9427
9 70 5461
70 9 5461
9 65 2137
65 9 2137
9 42 888
42 9 888
9 50 10388
50 9 10388
9 83 7805
83 9 7805
9 85 5316
85 9 5316
9 96 6882
96 9 6882
9 36 155
36 9 155
9 62 1711
62 9 1711
9 93 9715
93 9 9715
9 17 10032
17 9 10032
9 56 5042
56 9 5042
9 34 2771
34 9 2771
9 77 1315
77 9 1315
9 89 1131
89 9 1131
9 88 5777
88 9 5777
9 91 5069
91 9 5069
9 29 5910
29 9 5910
9 28 8718
28 9 8718
9 13 8191
13 9 8191
9 45 7504
45 9 7504
9 92 8823
92 9 8823
9 64 2759
64 9 2759
9 32 2207
32 9 2207
9 81 5922
81 9 5922
9 18 2277
18 9 2277
9 44 822
44 9 822
9 66 4939
66 9 4939
9 53 6118
53 9 6118
9 38 5495
38 9 5495
9 24 7154
24 9 7154
9 57 2971
57 9 2971
9 68 3292
68 9 3292
9 87 5751
87 9 5751
9 69 3809
69 9 3809
9 48 10935
48 9 10935
9 73 9824
73 9 9824
9 79 10372
79 9 10372
9 41 10483
41 9 10483
9 98 4741
98 9 4741
9 39 5438
39 9 5438
9 30 4445
30 9 4445
9 97 7204
97 9 7204
9 23 9422
23 9 9422
9 31 1093
31 9 1093
9 71 6684
71 9 6684
9 37 8252
37 9 8252
9 63 6238
63 9 6238
9 75 1172
75 9 1172
9 12 6861
12 9 6861
9 76 8242
76 9 8242
9 22 10282
22 9 10282
9 15 10149
15 9 10149
9 94 5646
94 9 5646
10 83 762
83 10 762
10 26 6347
26 10 6347
10 46 8343
46 10 8343
10 84 8962
84 10 8962
10 25 739
25 10 739
10 79 1529
79 10 1529
10 51 7112
51 10 7112
10 73 8336
73 10 8336
10 62 1334
62 10 1334
10 55 9820
55 10 9820
10 40 9493
40 10 9493
10 45 2539
45 10 2539
10 23 3148
23 10 3148
10 24 10732
24 10 10732
10 20 4646
20 10 4646
10 98 794
98 10 794
10 67 4758
67 10 4758
10 35 8049
35 10 8049
10 78 6967
78 10 6967
10 44 8377
44 10 8377
10 75 5159
75 10 5159
10 36 6090
36 10 6090
10 97 3685
97 10 3685
10 68 4
68 10 4
10 87 3176
87 10 3176
10 54 2525
54 10 2525
10 53 7774
53 10 7774
10 32 10192
32 10 10192
10 39 10099
39 10 10099
10 30 6017
30 10 6017
10 63 2533
63 10 2533
10 70 937
70 10 937
10 57 1890
57 10 1890
10 13 2142
13 10 2142
10 76 4363
76 10 4363
10 96 6823
96 10 6823
10 49 8568
49 10 8568
10 42 5566
42 10 5566
10 66 9900
66 10 9900
10 60 11000
60 10 11000
10 64 2374
64 10 2374
10 11 7165
11 10 7165
10 18 1742
18 10 1742
10 33 7192
33 10 7192
10 22 5286
22 10 5286
10 48 11065
48 10 11065
10 19 238
19 10 238
10 95 4991
95 10 4991
10 17 6701
17 10 6701
10 12 9644
12 10 9644
10 80 3078
80 10 3078
10 56 7000
56 10 7000
10 43 6549
43 10 6549
10 93 7108
93 10 7108
10 89 7639
89 10 7639
10 29 3048
29 10 3048
10 37 2067
37 10 2067
10 71 7910
71 10 7910
10 88 5429
88 10 5429
10 15 9984
15 10 9984
10 92 10041
92 10 10041
10 94 5532
94 10 5532
10 91 1873
91 10 1873
10 65 7501
65 10 7501
10 21 6918
21 10 6918
10 50 9068
50 10 9068
10 58 6200
58 10 6200
10 90 8672
90 10 8672
10 81 10856
81 10 10856
10 47 8402
47 10 8402
10 28 3047
28 10 3047
10 82 2484
82 10 2484
10 52 4563
52 10 4563
11 91 1728
91 11 1728
11 21 821
21 11 821
11 85 816
85 11 816
11 32 2835
32 11 2835
11 54 2959
54 11 2959
11 12 9364
12 11 9364
11 82 7489
82 11 7489
11 59 9392
59 11 9392
11 35 3299
35 11 3299
11 30 7223
30 11 7223
11 51 3042
51 11 3042
11 28 923
28 11 923
11 43 498
43 11 498
11 60 4917
60 11 4917
11 97 7867
97 11 7867
11 65 517
65 11 517
11 72 8971
72 11 8971
11 39 5985
39 11 5985
11 96 7846
96 11 7846
11 23 5598
23 11 5598
11 77 7301
77 11 7301
11 80 9961
80 11 9961
11 24 7215
24 11 7215
11 49 6476
49 11 6476
11 88 2254
88 11 2254
11 58 10119
58 11 10119
11 25 7357
25 11 7357
11 37 4046
37 11 4046
11 27 3604
27 11 3604
11 73 9191
73 11 9191
11 90 11113
90 11 11113
11 50 4305
50 11 4305
11 69 2041
69 11 2041
11 38 7556
38 11 7556
11 79 7274
79 11 7274
11 17 10488
17 11 10488
11 78 5149
78 11 5149
11 18 9798
18 11 9798
11 64 6732
64 11 6732
11 26 10445
26 11 10445
11 22 375
22 11 375
11 63 5856
63 11 5856
11 93 9179
93 11 9179
11 47 8580
47 11 8580
11 75 7299
75 11 7299
11 52 4294
52 11 4294
11 53 299
53 11 299
11 76 6213
76 11 6213
11 92 1633
92 11 1633
11 14 4375
14 11 4375
11 74 5069
74 11 5069
11 31 6981
31 11 6981
11 46 10239
46 11 10239
11 42 9567
42 11 9567
11 34 225
34 11 225
11 89 5366
89 11 5366
11 86 99
86 11 99
11 61 3726
61 11 3726
11 33 10712
33 11 10712
11 57 5968
57 11 5968
11 84 7898
84 11 7898
11 20 2727
20 11 2727
11 62 10493
62 11 10493
11 99 6481
99 11 6481
12 40 9221
40 12 9221
12 41 4838
41 12 4838
12 55 8867
55 12 8867
12 48 9522
48 12 9522
12 15 788
15 12 788
12 14 6635
14 12 6635
12 68 3724
68 12 3724
12 61 4095
61 12 4095
12 31 4169
31 12 4169
12 53 1075
53 12 1075
12 50 5771
50 12 5771
12 46 7792
46 12 7792
12 25 4458
25 12 4458
12 76 10325
76 12 10325
12 23 3416
23 12 3416
12 79 8007
79 12 8007
12 42 10101
42 12 10101
12 38 8015
38 12 8015
12 66 130
66 12 130
12 88 1323
88 12 1323
12 94 10400
94 12 10400
12 81 7507
81 12 7507
12 59 5016
59 12 5016
12 27 9600
27 12 9600
12 56 5104
56 12 5104
12 69 7380
69 12 7380
12 78 7340
78 12 7340
12 39 6260
39 12 6260
12 73 3430
73 12 3430
12 63 10192
63 12 10192
12 36 8846
36 12 8846
12 54 2954
54 12 2954
12 71 3161
71 12 3161
12 57 2469
57 12 2469
12 37 7766
37 12 7766
12 86 5153
86 12 5153
12 98 902
98 12 902
12 93 7074
93 12 7074
12 99 8096
99 12 8096
12 18 6824
18 12 6824
12 90 8636
90 12 8636
12 82 9901
82 12 9901
12 16 8296
16 12 8296
12 45 9529
45 12 9529
12 70 8977
70 12 8977
12 77 1179
77 12 1179
12 62 214
62 12 214
12 60 10330
60 12 10330
12 58 10120
58 12 10120
12 30 9823
30 12 9823
12 28 8316
28 12 8316
12 17 1335
17 12 1335
12 33 219
33 12 219
12 35 10358
35 12 10358
12 84 10105
84 12 10105
12 43 706
43 12 706
12 67 8633
67 12 8633
12 64 10894
64 12 10894
12 83 1537
83 12 1537
12 29 5571
29 12 5571
12 21 10305
21 12 10305
12 95 4781
95 12 4781
12 80 2005
80 12 2005
12 20 9350
20 12 9350
12 13 4052
13 12 4052
12 91 4645
91 12 4645
12 97 4289
97 12 4289
12 75 419
75 12 419
12 89 5370
89 12 5370
12 52 8334
52 12 8334
12 22 4260
22 12 4260
12 32 6053
32 12 6053
12 26 4718
26 12 4718
12 92 1694
92 12 1694
12 47 1672
47 12 1672
12 74 9003
74 12 9003
12 49 6243
49 12 6243
12 51 3093
51 12 3093
13 38 1288
38 13 1288
13 41 189
41 13 189
13 69 753
69 13 753
13 61 7963
61 13 7963
13 55 892
55 13 892
13 87 9839
87 13 9839
13 84 1418
84 13 1418
13 89 1948
89 13 1948
13 28 6681
28 13 6681
13 83 3556
83 13 3556
13 32 10909
32 13 10909
13 86 1662
86 13 1662
13 96 1786
96 13 1786
13 48 470
48 13 470
13 76 1327
76 13 1327
13 99 4215
99 13 4215
13 72 8940
72 13 8940
13 27 3303
27 13 3303
13 33 9978
33 13 9978
13 40 10555
40 13 10555
13 85 434
85 13 434
13 52 3891
52 13 3891
13 59 4856
59 13 4856
13 81 10427
81 13 10427
13 57 97
57 13 97
13 47 3447
47 13 3447
13 82 4835
82 13 4835
13 78 824
78 13 824
13 94 7895
94 13 7895
13 92 9991
92 13 9991
13 21 5434
21 13 5434
13 45 8269
45 13 8269
13 25 3787
25 13 3787
13 37 9708
37 13 9708
13 22 4274
22 13 4274
13 64 5089
64 13 5089
13 42 937
42 13 937
13 60 4407
60 13 4407
13 97 6835
97 13 6835
13 34 5007
34 13 5007
13 56 7358
56 13 7358
13 46 9766
46 13 9766
13 20 5350
20 13 5350
13 49 6014
49 13 6014
13 24 3423
24 13 3423
13 67 6898
67 13 6898
13 95 1114
95 13 1114
13 50 9989
50 13 9989
13 80 2413
80 13 2413
13 66 2123
66 13 2123
13 18 8370
18 13 8370
13 54 5468
54 13 5468
13 35 2297
35 13 2297
13 98 5418
98 13 5418
13 29 2471
29 13 2471
13 68 6002
68 13 6002
13 91 1334
91 13 1334
13 58 4540
58 13 4540
13 88 10530
88 13 10530
13 36 9971
36 13 9971
13 75 3453
75 13 3453
13 63 2224
63 13 2224
13 15 8495
15 13 8495
13 31 5574
31 13 5574
13 71 2634
71 13 2634
14 69 3209
69 14 3209
14 56 2947
56 14 2947
14 76 3462
76 14 3462
14 94 10277
94 14 10277
14 36 676
36 14 676
14 17 1679
17 14 1679
14 15 1694
15 14 1694
14 80 4997
80 14 4997
14 41 10759
41 14 10759
14 33 2377
33 14 2377
14 29 3499
29 14 3499
14 47 1884
47 14 1884
14 82 3554
82 14 3554
14 26 5330
26 14 5330
14 35 6694
35 14 6694
14 16 7257
16 14 7257
14 72 2199
72 14 2199
14 19 8413
19 14 8413
14 87 9951
87 14 9951
14 95 7617
95 14 7617
14 68 785
68 14 785
14 92 7755
92 14 7755
14 71 692
71 14 692
14 67 5220
67 14 5220
14 66 2625
66 14 2625
14 85 10456
85 14 10456
14 43 2967
43 14 2967
14 90 1823
90 14 1823
14 45 9056
45 14 9056
14 81 220
81 14 220
14 98 11032
98 14 11032
14 93 3759
93 14 3759
14 48 10405
48 14 10405
14 55 508
55 14 508
14 91 2687
91 14 2687
14 21 6427
21 14 6427
14 57 283
57 14 283
14 84 5497
84 14 5497
14 46 8577
46 14 8577
14 59 5962
59 14 5962
14 53 1727
53 14 1727
14 30 1186
30 14 1186
14 77 953
77 14 953
14 86 9305
86 14 9305
14 60 4079
60 14 4079
14 18 2335
18 14 2335
14 97 1289
97 14 1289
14 22 10435
22 14 10435
14 96 2763
96 14 2763
14 25 4667
25 14 4667
14 70 6521
70 14 6521
14 44 2205
44 14 2205
14 54 7216
54 14 7216
14 99 1218
99 14 1218
14 39 773
39 14 773
14 20 4657
20 14 4657
15 75 8233
75 15 8233
15 58 2550
58 15 2550
15 59 4210
59 15 4210
15 43 5517
43 15 5517
15 49 2107
49 15 2107
15 70 9370
70 15 9370
15 16 7077
16 15 7077
15 87 7446
87 15 7446
15 96 4809
96 15 4809
15 36 5583
36 15 5583
15 93 7591
93 15 7591
15 95 9091
95 15 9091
15 21 3634
21 15 3634
15 85 10855
85 15 10855
15 45 10172
45 15 10172
15 33 1432
33 15 1432
15 67 187
67 15 187
15 55 8585
55 15 8585
15 51 1733
51 15 1733
15 97 9725
97 15 9725
15 86 5297
86 15 5297
15 64 8054
64 15 8054
15 40 135
40 15 135
15 76 8273
76 15 8273
15 91 7984
91 15 7984
15 82 1202
82 15 1202
15 84 7893
84 15 7893
15 80 3287
80 15 3287
15 65 7094
65 15 7094
15 27 9876
27 15 9876
15 30 710
30 15 710
15 79 7524
79 15 7524
15 81 7467
81 15 7467
15 44 2406
44 15 2406
15 26 1368
26 15 1368
15 92 11135
92 15 11135
15 83 4698
83 15 4698
15 28 10004
28 15 10004
15 37 206
37 15 206
15 41 6996
41 15 6996
15 18 7545
18 15 7545
15 47 110
47 15 110
15 66 10127
66 15 10127
15 60 8780
60 15 8780
15 29 10175
29 15 10175
15 77 2939
77 15 2939
15 46 1204
46 15 1204
15 56 8767
56 15 8767
15 78 5652
78 15 5652
15 74 1491
74 15 1491
15 24 187
24 15 187
15 57 880
57 15 880
15 99 1111
99 15 1111
15 54 196
54 15 196
15 68 6604
68 15 6604
15 69 10415
69 15 10415
15 61 4632
61 15 4632
15 62 1115
62 15 1115
16 39 2580
39 16 2580
16 98 2521
98 16 2521
16 50 9892
50 16 9892
16 29 5162
29 16 5162
16 56 1496
56 16 1496
16 30 2759
30 16 2759
16 36 3603
36 16 3603
16 99 408
99 16 408
16 82 7499
82 16 7499
16 96 10308
96 16 10308
16 87 5935
87 16 5935
16 37 3588
37 16 3588
16 67 5277
67 16 5277
16 72 10898
72 16 10898
16 79 4407
79 16 4407
16 31 2768
31 16 2768
16 91 7824
91 16 7824
16 34 1689
34 16 1689
16 20 10966
20 16 10966
16 51 551
51 16 551
16 84 8975
84 16 8975
16 19 4899
19 16 4899
16 62 9643
62 16 9643
16 68 4331
68 16 4331
16 85 7752
85 16 7752
16 71 7041
71 16 7041
16 18 9480
18 16 9480
16 21 9999
21 16 9999
16 92 7137
92 16 7137
16 64 2042
64 16 2042
16 38 10045
38 16 10045
16 59 8198
59 16 8198
16 69 8988
69 16 8988
16 44 7833
44 16 7833
16 25 1865
25 16 1865
16 45 4714
45 16 4714
16 46 7627
46 16 7627
16 66 8410
66 16 8410
16 70 3759
70 16 3759
16 63 10463
63 16 10463
16 81 6947
81 16 6947
16 53 4192
53 16 4192
16 83 6637
83 16 6637
16 77 5064
77 16 5064
16 60 7639
60 16 7639
16 33 4159
33 16 4159
16 58 3893
58 16 3893
16 49 1272
49 16 1272
16 93 980
93 16 980
16 95 4391
95 16 4391
16 40 10169
40 16 10169
16 65 6538
65 16 6538
16 78 1353
78 16 1353
16 24 11067
24 16 11067
16 94 8398
94 16 8398
16 75 1339
75 16 1339
16 90 4812
90 16 4812
16 35 6946
35 16 6946
16 28 9684
28 16 9684
16 32 8120
32 16 8120
16 54 6345
54 16 6345
16 41 5784
41 16 5784
16 48 10451
48 16 10451
17 89 2472
89 17 2472
17 41 10826
41 17 10826
17 21 9042
21 17 9042
17 31 4674
31 17 4674
17 56 9983
56 17 9983
17 91 7081
91 17 7081
17 40 1703
40 17 1703
17 88 8951
88 17 8951
17 84 3578
84 17 3578
17 94 2687
94 17 2687
17 27 7648
27 17 7648
17 93 2029
93 17 2029
17 71 8501
71 17 8501
17 49 316
49 17 316
17 87 4938
87 17 4938
17 52 7847
52 17 7847
17 68 1221
68 17 1221
17 79 7658
79 17 7658
17 96 7658
96 17 7658
17 35 7910
35 17 7910
17 86 5176
86 17 5176
17 83 5780
83 17 5780
17 69 3874
69 17 3874
17 61 4580
61 17 4580
17 39 150
39 17 150
17 59 3144
59 17 3144
17 20 6210
20 17 6210
17 26 10234
26 17 10234
17 18 3127
18 17 3127
17 58 6213
58 17 6213
17 73 9476
73 17 9476
17 78 11053
78 17 11053
17 46 10955
46 17 10955
17 50 23
50 17 23
17 65 6252
65 17 6252
17 33 3048
33 17 3048
17 95 5880
95 17 5880
17 60 1372
60 17 1372
17 43 759
43 17 759
17 76 2062
76 17 2062
17 74 3016
74 17 3016
17 45 9638
45 17 9638
17 54 10872
54 17 10872
17 55 9989
55 17 9989
17 81 1090
81 17 1090
17 66 6230
66 17 6230
17 42 2838
42 17 2838
17 70 2683
70 17 2683
17 77 9419
77 17 9419
17 47 8967
47 17 8967
17 63 9820
63 17 9820
17 22 9657
22 17 9657
17 75 5682
75 17 5682
17 64 6706
64 17 6706
17 25 10253
25 17 10253
17 19 2765
19 17 2765
17 80 9241
80 17 9241
17 29 3344
29 17 3344
17 30 8132
30 17 8132
17 57 9981
57 17 9981
18 50 8313
50 18 8313
18 71 9205
71 18 9205
18 59 3915
59 18 3915
18 84 3660
84 18 3660
18 73 3504
73 18 3504
18 25 2858
25 18 2858
18 33 6419
33 18 6419
18 62 144
62 18 144
18 43 8189
43 18 8189
18 46 447
46 18 447
18 26 8964
26 18 8964
18 82 10454
82 18 10454
18 72 7377
72 18 7377
18 92 7414
92 18 7414
18 79 4600
79 18 4600
18 57 5419
57 18 5419
18 28 4478
28 18 4478
18 38 3570
38 18 3570
18 52 7411
52 18 7411
18 76 3513
76 18 3513
18 24 9129
24 18 9129
18 74 3808
74 18 3808
18 65 10533
65 18 10533
18 53 6970
53 18 6970
18 51 11122
51 18 11122
18 61 8617
61 18 8617
18 45 6375
45 18 6375
18 86 9969
86 18 9969
18 69 6668
69 18 6668
18 49 2273
49 18 2273
18 66 10306
66 18 10306
18 31 9712
31 18 9712
18 88 8694
88 18 8694
18 87 3058
87 18 3058
18 98 10198
98 18 10198
18 96 6636
96 18 6636
18 36 9468
36 18 9468
18 91 3783
91 18 3783
18 55 281
55 18 281
18 56 4909
56 18 4909
18 77 6785
77 18 6785
18 70 7587
70 18 7587
18 80 3236
80 18 3236
18 85 4955
85 18 4955
18 41 4290
41 18 4290
18 93 9154
93 18 9154
18 47 3763
47 18 3763
18 19 9797
19 18 9797
18 32 6817
32 18 6817
18 97 6518
97 18 6518
18 20 7929
20 18 7929
18 68 6982
68 18 6982
18 58 7379
58 18 7379
18 27 5593
27 18 5593
18 81 1929
81 18 1929
18 29 3477
29 18 3477
18 78 7522
78 18 7522
18 63 9870
63 18 9870
18 34 9923
34 18 9923
18 22 8138
22 18 8138
18 89 3093
89 18 3093
18 42 3100
42 18 3100
19 46 3835
46 19 3835
19 60 9463
60 19 9463
19 23 3431
23 19 3431
19 39 3251
39 19 3251
19 56 28
56 19 28
19 68 1716
68 19 1716
19 30 254
30 19 254
19 59 3665
59 19 3665
19 67 5072
67 19 5072
19 58 7931
58 19 7931
19 51 4259
51 19 4259
19 64 3942
64 19 3942
19 80 9994
80 19 9994
19 48 7197
48 19 7197
19 53 3112
53 19 3112
19 36 6729
36 19 6729
19 34 744
34 19 744
19 62 2210
62 19 2210
19 95 4291
95 19 4291
19 31 4678
31 19 4678
19 24 11077
24 19 11077
19 65 8283
65 19 8283
19 54 9396
54 19 9396
19 63 4387
63 19 4387
19 92 5097
92 19 5097
19 50 5875
50 19 5875
19 90 8213
90 19 8213
19 37 10108
37 19 10108
19 73 3788
73 19 3788
19 97 8422
97 19 8422
19 87 8335
87 19 8335
19 52 5526
52 19 5526
19 26 8943
26 19 8943
19 32 1605
32 19 1605
19 78 9754
78 19 9754
19 94 10584
94 19 10584
19 33 1622
33 19 1622
19 88 2529
88 19 2529
19 79 4145
79 19 4145
19 74 9499
74 19 9499
19 28 3290
28 19 3290
19 85 2228
85 19 2228
19 44 7589
44 19 7589
19 61 7363
61 19 7363
19 42 9861
42 19 9861
19 77 9712
77 19 9712
19 41 9958
41 19 9958
19 29 5484
29 19 5484
19 99 10633
99 19 10633
19 22 6203
22 19 6203
19 47 3592
47 19 3592
19 66 4231
66 19 4231
19 93 3572
93 19 3572
19 91 1604
91 19 1604
19 98 6334
98 19 6334
19 69 9893
69 19 9893
19 96 4377
96 19 4377
19 81 6936
81 19 6936
19 25 5442
25 19 5442
19 84 2738
84 19 2738
19 71 4495
71 19 4495
19 49 972
49 19 972
20 46 4236
46 20 4236
20 59 2581
59 20 2581
20 45 9198
45 20 9198
20 33 1287
33 20 1287
20 78 587
78 20 587
20 69 4782
69 20 4782
20 23 7968
23 20 7968
20 39 6964
39 20 6964
20 43 8281
43 20 8281
20 61 2752
61 20 2752
20 66 503
66 20 503
20 54 4403
54 20 4403
20 82 4973
82 20 4973
20 29 10412
29 20 10412
20 88 4968
88 20 4968
20 98 8162
98 20 8162
20 26 10409
26 20 10409
20 83 6950
83 20 6950
20 89 11127
89 20 11127
20 92 6746
92 20 6746
20 37 5602
37 20 5602
20 67 9847
67 20 9847
20 55 859
55 20 859
20 32 5342
32 20 5342
20 24 630
24 20 630
20 96 9508
96 20 9508
20 85 3355
85 20 3355
20 44 9774
44 20 9774
20 91 302
91 20 302
20 21 10578
21 20 10578
20 49 1465
49 20 1465
20 56 4177
56 20 4177
20 35 9527
35 20 9527
20 40 7262
40 20 7262
20 81 5255
81 20 5255
20 68 1481
68 20 1481
20 63 8922
63 20 8922
20 52 10606
52 20 10606
20 80 9844
80 20 9844
20 38 160
38 20 160
20 74 10484
74 20 10484
20 60 1872
60 20 1872
20 50 7678
50 20 7678
20 72 8655
72 20 8655
20 99 599
99 20 599
20 31 6551
31 20 6551
20 93 7318
93 20 7318
20 36 4798
36 20 4798
20 47 4112
47 20 4112
20 84 3332
84 20 3332
20 64 11068
64 20 11068
20 51 1706
51 20 1706
20 97 10007
97 20 10007
20 73 119
73 20 119
20 70 8954
70 20 8954
20 30 8277
30 20 8277
20 90 6219
90 20 6219
20 42 4995
42 20 4995
20 86 3463
86 20 3463
20 79 3338
79 20 3338
20 76 2284
76 20 2284
20 65 5837
65 20 5837
20 41 2365
41 20 2365
20 28 6090
28 20 6090
20 77 2825
77 20 2825
21 51 1659
51 21 1659
21 60 10607
60 21 10607
21 98 3408
98 21 3408
21 50 10050
50 21 10050
21 82 1115
82 21 1115
21 28 6320
28 21 6320
21 97 2445
97 21 2445
21 96 692
96 21 692
21 63 2495
63 21 2495
21 71 10977
71 21 10977
21 56 1979
56 21 1979
21 29 10178
29 21 10178
21 80 4779
80 21 4779
21 32 5959
32 21 5959
21 85 9009
85 21 9009
21 33 3923
33 21 3923
21 54 5149
54 21 5149
21 35 7672
35 21 7672
21 58 8005
58 21 8005
21 87 4835
87 21 4835
21 74 5688
74 21 5688
21 73 7669
73 21 7669
21 89 2031
89 21 2031
21 37 6887
37 21 6887
21 77 6716
77 21 6716
21 31 3644
31 21 3644
21 64 8711
64 21 8711
21 27 5180
27 21 5180
21 66 3243
66 21 3243
21 95 8280
95 21 8280
21 24 5754
24 21 5754
21 65 1933
65 21 1933
21 84 10043
84 21 10043
21 72 1091
72 21 1091
21 22 5396
22 21 5396
21 62 5243
62 21 5243
21 78 2167
78 21 2167
21 57 6967
57 21 6967
21 46 7200
46 21 7200
21 43 8606
43 21 8606
21 67 6964
67 21 6964
21 25 3149
25 21 3149
21 61 7790
61 21 7790
21 76 8931
76 21 8931
21 45 762
45 21 762
21 88 5328
88 21 5328
21 53 6569
53 21 6569
21 44 4307
44 21 4307
21 91 10643
91 21 10643
21 81 4643
81 21 4643
21 90 805
90 21 805
21 59 8503
59 21 8503
21 48 3664
48 21 3664
21 49 2293
49 21 2293
21 26 9926
26 21 9926
21 69 1914
69 21 1914
21 94 9053
94 21 9053
21 38 4241
38 21 4241
21 42 4785
42 21 4785
21 36 502
36 21 502
21 55 930
55 21 930
22 50 7285
50 22 7285
22 34 6536
34 22 6536
22 39 7665
39 22 7665
22 37 5873
37 22 5873
22 94 2121
94 22 2121
22 49 6641
49 22 6641
22 71 2949
71 22 2949
22 99 9119
99 22 9119
22 59 1609
59 22 1609
22 44 3130
44 22 3130
22 53 1752
53 22 1752
22 63 5653
63 22 5653
22 91 4088
91 22 4088
22 67 1453
67 22 1453
22 42 1120
42 22 1120
22 73 5670
73 22 5670
22 89 3919
89 22 3919
22 95 4040
95 22 4040
22 83 2575
83 22 2575
22 43 10403
43 22 10403
22 98 2869
98 22 2869
22 57 9756
57 22 9756
22 84 3628
84 22 3628
22 60 3332
60 22 3332
22 76 6028
76 22 6028
22 45 5726
45 22 5726
22 65 2378
65 22 2378
22 33 2139
33 22 2139
22 74 3105
74 22 3105
22 81 4357
81 22 4357
22 28 8137
28 22 8137
22 23 1910
23 22 1910
22 48 5409
48 22 5409
22 92 3542
92 22 3542
22 69 8773
69 22 8773
22 86 1854
86 22 1854
22 46 3007
46 22 3007
22 55 10468
55 22 10468
22 35 47
35 22 47
22 87 10123
87 22 10123
22 82 3958
82 22 3958
22 64 2665
64 22 2665
22 88 10857
88 22 10857
22 41 10146
41 22 10146
22 85 225
85 22 225
22 75 5880
75 22 5880
22 25 5950
25 22 5950
22 30 6836
30 22 6836
22 58 10278
58 22 10278
22 36 9806
36 22 9806
22 54 6202
54 22 6202
22 29 7309
29 22 7309
22 90 8587
90 22 8587
22 97 9853
97 22 9853
22 79 1807
79 22 1807
22 77 1245
77 22 1245
22 26 2746
26 22 2746
22 78 6279
78 22 6279
22 62 7566
62 22 7566
22 80 5396
80 22 5396
22 40 242
40 22 242
23 95 9343
95 23 9343
23 28 7788
28 23 7788
23 49 5827
49 23 5827
23 98 6900
98 23 6900
23 47 4475
47 23 4475
23 62 1922
62 23 1922
23 31 334
31 23 334
23 54 2434
54 23 2434
23 52 6429
52 23 6429
23 74 3240
74 23 3240
23 36 8846
36 23 8846
23 66 7303
66 23 7303
23 51 11059
51 23 11059
23 58 5645
58 23 5645
23 30 4997
30 23 4997
23 88 7469
88 23 7469
23 48 7150
48 23 7150
23 43 6327
43 23 6327
23 44 10423
44 23 10423
23 73 1196
73 23 1196
23 41 2490
41 23 2490
23 59 10030
59 23 10030
23 89 4641
89 23 4641
23 85 4691
85 23 4691
23 60 291
60 23 291
23 27 6464
27 23 6464
23 77 4743
77 23 4743
23 81 938
81 23 938
23 78 9520
78 23 9520
23 38 6448
38 23 6448
23 84 1114
84 23 1114
23 45 10729
45 23 10729
23 83 3281
83 23 3281
23 90 10926
90 23 10926
23 55 4338
55 23 4338
23 65 5533
65 23 5533
23 86 8533
86 23 8533
23 92 7729
92 23 7729
23 67 7589
67 23 7589
23 63 6609
63 23 6609
23 93 8760
93 23 8760
23 56 2347
56 23 2347
23 25 4830
25 23 4830
23 61 5796
61 23 5796
23 94 3166
94 23 3166
23 80 5503
80 23 5503
23 42 10926
42 23 10926
23 76 8161
76 23 8161
23 82 7759
82 23 7759
23 72 5436
72 23 5436
23 57 7692
57 23 7692
24 31 10649
31 24 10649
24 36 10678
36 24 10678
24 86 8976
86 24 8976
24 65 7670
65 24 7670
24 45 435
45 24 435
24 43 3389
43 24 3389
24 34 5008
34 24 5008
24 78 1969
78 24 1969
24 55 1878
55 24 1878
24 91 6674
91 24 6674
24 95 3072
95 24 3072
24 85 10806
85 24 10806
24 49 2303
49 24 2303
24 40 4490
40 24 4490
24 63 1183
63 24 1183
24 71 11125
71 24 11125
24 69 6266
69 24 6266
24 76 6827
76 24 6827
24 70 9976
70 24 9976
24 93 2704
93 24 2704
24 39 9642
39 24 9642
24 35 6945
35 24 6945
24 26 5988
26 24 5988
24 32 3783
32 24 3783
24 48 3398
48 24 3398
24 41 1691
41 24 1691
24 64 9050
64 24 9050
24 62 3721
62 24 3721
24 89 10317
89 24 10317
24 97 8454
97 24 8454
24 50 2458
50 24 2458
24 74 1183
74 24 1183
24 80 7687
80 24 7687
24 54 3789
54 24 3789
24 67 6369
67 24 6369
24 42 1837
42 24 1837
24 60 7094
60 24 7094
24 29 585
29 24 585
24 53 1200
53 24 1200
24 52 7515
52 24 7515
24 94 6080
94 24 6080
24 82 1633
82 24 1633
24 38 632
38 24 632
24 30 4010
30 24 4010
24 77 3863
77 24 3863
24 90 8750
90 24 8750
24 84 10518
84 24 10518
24 99 10854
99 24 10854
24 28 5408
28 24 5408
24 96 1948
96 24 1948
24 57 3712
57 24 3712
24 73 631
73 24 631
24 59 10727
59 24 10727
24 44 788
44 24 788
24 81 5217
81 24 5217
25 66 9594
66 25 9594
25 46 4597
46 25 4597
25 72 3431
72 25 3431
25 30 9177
30 25 9177
25 53 2848
53 25 2848
25 68 567
68 25 567
25 88 5863
88 25 5863
25 89 33
89 25 33
25 35 3817
35 25 3817
25 50 10510
50 25 10510
25 63 1624
63 25 1624
25 74 4421
74 25 4421
25 95 8537
95 25 8537
25 51 10665
51 25 10665
25 47 10056
47 25 10056
25 67 706
67 25 706
25 55 10598
55 25 10598
25 84 945
84 25 945
25 57 2495
57 25 2495
25 86 670
86 25 670
25 41 9639
41 25 9639
25 78 9223
78 25 9223
25 83 9527
83 25 9527
25 36 2904
36 25 2904
25 85 10899
85 25 10899
25 59 8678
59 25 8678
25 39 2354
39 25 2354
25 42 5983
42 25 5983
25 98 786
98 25 786
25 54 1680
54 25 1680
25 56 1976
56 25 1976
25 62 10964
62 25 10964
25 34 7516
34 25 7516
25 79 1908
79 25 1908
25 43 9619
43 25 9619
25 48 4552
48 25 4552
25 49 10287
49 25 10287
25 29 9852
29 25 9852
25 26 10421
26 25 10421
25 33 3474
33 25 3474
25 31 8700
31 25 8700
25 38 9689
38 25 9689
25 37 8707
37 25 8707
25 58 1078
58 25 1078
25 44 8737
44 25 8737
25 61 2981
61 25 2981
25 40 1268
40 25 1268
25 90 6530
90 25 6530
25 52 5784
52 25 5784
25 96 7510
96 25 7510
25 73 10859
73 25 10859
25 87 962
87 25 962
25 28 9191
28 25 9191
25 45 9868
45 25 9868
25 94 9925
94 25 9925
25 60 944
60 25 944
25 92 8444
92 25 8444
25 77 3376
77 25 3376
26 82 4248
82 26 4248
26 65 8990
65 26 8990
26 84 402
84 26 402
26 43 8882
43 26 8882
26 93 1398
93 26 1398
26 98 7740
98 26 7740
26 39 10538
39 26 10538
26 66 9347
66 26 9347
26 71 4373
71 26 4373
26 76 5378
76 26 5378
26 88 726
88 26 726
26 44 6587
44 26 6587
26 46 6080
46 26 6080
26 40 7624
40 26 7624
26 70 4794
70 26 4794
26 38 2051
38 26 2051
26 59 10288
59 26 10288
26 80 2613
80 26 2613
26 35 8488
35 26 8488
26 30 10844
30 26 10844
26 55 11084
55 26 11084
26 79 4617
79 26 4617
26 83 8642
83 26 8642
26 78 5153
78 26 5153
26 72 2722
72 26 2722
26 45 9821
45 26 9821
26 63 8892
63 26 8892
26 92 5812
92 26 5812
26 77 4322
77 26 4322
26 52 6084
52 26 6084
26 36 10905
36 26 10905
26 49 10993
49 26 10993
26 85 3111
85 26 3111
26 62 6188
62 26 6188
26 42 9055
42 26 9055
26 51 7633
51 26 7633
26 37 5387
37 26 5387
26 95 2888
95 26 2888
26 75 4401
75 26 4401
26 47 10076
47 26 10076
26 87 9229
87 26 9229
26 58 775
58 26 775
26 54 1498
54 26 1498
26 89 4357
89 26 4357
26 31 9166
31 26 9166
26 91 7120
91 26 7120
26 90 9477
90 26 9477
26 41 3552
41 26 3552
26 68 10342
68 26 10342
26 56 1924
56 26 1924
26 69 470
69 26 470
26 53 5135
53 26 5135
26 27 8816
27 26 8816
26 34 9568
34 26 9568
26 61 6785
61 26 6785
26 28 5392
28 26 5392
26 60 1991
60 26 1991
26 86 7899
86 26 7899
26 97 7123
97 26 7123
26 29 4558
29 26 4558
26 96 5727
96 26 5727
27 75 3210
75 27 3210
27 64 5042
64 27 5042
27 35 10860
35 27 10860
27 94 7405
94 27 7405
27 42 8823
42 27 8823
27 95 1366
95 27 1366
27 53 10003
53 27 10003
27 89 805
89 27 805
27 57 8250
57 27 8250
27 90 3607
90 27 3607
27 43 4363
43 27 4363
27 69 10855
69 27 10855
27 96 407
96 27 407
27 88 732
88 27 732
27 59 5616
59 27 5616
27 32 3312
32 27 3312
27 83 3570
83 27 3570
27 49 6835
49 27 6835
27 86 5865
86 27 5865
27 50 872
50 27 872
27 68 5529
68 27 5529
27 84 2780
84 27 2780
27 82 8673
82 27 8673
27 77 4447
77 27 4447
27 41 5868
41 27 5868
27 56 4329
56 27 4329
27 85 4684
85 27 4684
27 47 9500
47 27 9500
27 80 7437
80 27 7437
27 92 4963
92 27 4963
27 61 754
61 27 754
27 99 926
99 27 926
27 98 3069
98 27 3069
27 62 8382
62 27 8382
27 40 8821
40 27 8821
27 44 2051
44 27 2051
27 60 10170
60 27 10170
27 33 9419
33 27 9419
27 70 5140
70 27 5140
27 46 9198
46 27 9198
27 52 5309
52 27 5309
27 39 3864
39 27 3864
27 58 6679
58 27 6679
27 73 6309
73 27 6309
27 81 7899
81 27 7899
27 51 5617
51 27 5617
27 93 244
93 27 244
27 63 4115
63 27 4115
27 28 7424
28 27 7424
27 79 9939
79 27 9939
27 78 7162
78 27 7162
27 67 8880
67 27 8880
27 71 9558
71 27 9558
27 54 6671
54 27 6671
27 29 10540
29 27 10540
27 38 8768
38 27 8768
27 31 1603
31 27 1603
27 48 3893
48 27 3893
27 74 3609
74 27 3609
27 72 601
72 27 601
28 84 8879
84 28 8879
28 76 6267
76 28 6267
28 37 10060
37 28 10060
28 78 1940
78 28 1940
28 42 9627
42 28 9627
28 90 6111
90 28 6111
28 71 7363
71 28 7363
28 72 6597
72 28 6597
28 88 8064
88 28 8064
28 65 9362
65 28 9362
28 86 4794
86 28 4794
28 74 296
74 28 296
28 95 3430
95 28 3430
28 43 2259
43 28 2259
28 51 11116
51 28 11116
28 87 8545
87 28 8545
28 64 1923
64 28 1923
28 81 8756
81 28 8756
28 38 6722
38 28 6722
28 94 731
94 28 731
28 52 10580
52 28 10580
28 32 7918
32 28 7918
28 47 5671
47 28 5671
28 85 5911
85 28 5911
28 75 9717
75 28 9717
28 73 9113
73 28 9113
28 31 5366
31 28 5366
28 48 10301
48 28 10301
28 44 3050
44 28 3050
28 83 7081
83 28 7081
28 98 7852
98 28 7852
28 91 1136
91 28 1136
28 68 7248
68 28 7248
28 54 9241
54 28 9241
28 67 5316
67 28 5316
28 63 6934
63 28 6934
28 40 10102
40 28 10102
28 60 4962
60 28 4962
28 34 5903
34 28 5903
28 77 11092
77 28 11092
28 58 7638
58 28 7638
28 92 1056
92 28 1056
28 62 4574
62 28 4574
28 36 9042
36 28 9042
28 97 6602
97 28 6602
28 80 3448
80 28 3448
28 35 8534
35 28 8534
28 41 8366
41 28 8366
28 89 4455
89 28 4455
28 69 9194
69 28 9194
28 99 3295
99 28 3295
28 61 1837
61 28 1837
28 49 8501
49 28 8501
29 79 8505
79 29 8505
29 82 7125
82 29 7125
29 70 2016
70 29 2016
29 57 5861
57 29 5861
29 64 2016
64 29 2016
29 30 2830
30 29 2830
29 50 9249
50 29 9249
29 51 6947
51 29 6947
29 80 2606
80 29 2606
29 73 2454
73 29 2454
29 48 3641
48 29 3641
29 40 8968
