150 22350
0 1 27742
1 0 27742
0 2 5431
2 0 5431
0 3 14998
3 0 14998
0 4 15502
4 0 15502
0 5 3577
5 0 3577
0 6 20949
6 0 20949
0 7 17754
7 0 17754
0 8 30071
8 0 30071
0 9 1002
9 0 1002
0 10 16196
10 0 16196
0 11 21744
11 0 21744
0 12 4125
12 0 4125
0 13 16289
13 0 16289
0 14 4319
14 0 4319
0 15 14594
15 0 14594
0 16 18647
16 0 18647
0 17 4465
17 0 4465
0 18 5632
18 0 5632
0 19 30095
19 0 30095
0 20 20530
20 0 20530
0 21 14307
21 0 14307
0 22 10032
22 0 10032
0 23 8215
23 0 8215
0 24 24474
24 0 24474
0 25 32652
25 0 32652
0 26 20820
26 0 20820
0 27 1240
27 0 1240
0 28 6856
28 0 6856
0 29 6125
29 0 6125
0 30 30352
30 0 30352
0 31 3189
31 0 3189
0 32 19441
32 0 19441
0 33 21178
33 0 21178
0 34 26954
34 0 26954
0 35 15947
35 0 15947
0 36 23461
36 0 23461
0 37 23380
37 0 23380
0 38 1529
38 0 1529
0 39 13288
39 0 13288
0 40 6895
40 0 6895
0 41 3478
41 0 3478
0 42 31890
42 0 31890
0 43 3361
43 0 3361
0 44 27582
44 0 27582
0 45 32522
45 0 32522
0 46 3424
46 0 3424
0 47 11296
47 0 11296
0 48 4217
48 0 4217
0 49 8534
49 0 8534
0 50 13056
50 0 13056
0 51 31350
51 0 31350
0 52 10055
52 0 10055
0 53 14392
53 0 14392
0 54 26586
54 0 26586
0 55 18583
55 0 18583
0 56 7460
56 0 7460
0 57 24276
57 0 24276
0 58 28024
58 0 28024
0 59 25110
59 0 25110
0 60 13020
60 0 13020
0 61 90
61 0 90
0 62 17739
62 0 17739
0 63 21422
63 0 21422
0 64 30726
64 0 30726
0 65 16551
65 0 16551
0 66 1950
66 0 1950
0 67 32629
67 0 32629
0 68 31140
68 0 31140
0 69 27173
69 0 27173
0 70 28685
70 0 28685
0 71 6274
71 0 6274
0 72 18105
72 0 18105
0 73 6006
73 0 6006
0 74 18367
74 0 18367
0 75 9390
75 0 9390
0 76 14374
76 0 14374
0 77 24646
77 0 24646
0 78 29019
78 0 29019
0 79 18561
79 0 18561
0 80 22887
80 0 22887
0 81 2096
81 0 2096
0 82 6555
82 0 6555
0 83 10503
83 0 10503
0 84 1706
84 0 1706
0 85 4431
85 0 4431
0 86 8829
86 0 8829
0 87 1904
87 0 1904
0 88 6629
88 0 6629
0 89 22374
89 0 22374
0 90 21941
90 0 21941
0 91 24565
91 0 24565
0 92 24727
92 0 24727
0 93 26483
93 0 26483
0 94 665
94 0 665
0 95 8692
95 0 8692
0 96 1249
96 0 1249
0 97 19533
97 0 19533
0 98 14329
98 0 14329
0 99 12673
99 0 12673
0 100 31205
100 0 31205
0 101 11971
101 0 11971
0 102 25443
102 0 25443
0 103 6817
103 0 6817
0 104 21638
104 0 21638
0 105 20082
105 0 20082
0 106 25377
106 0 25377
0 107 31624
107 0 31624
0 108 6758
108 0 6758
0 109 20780
109 0 20780
0 110 12593
110 0 12593
0 111 18545
111 0 18545
0 112 15686
112 0 15686
0 113 12418
113 0 12418
0 114 2339
114 0 2339
0 115 5570
115 0 5570
0 116 25314
116 0 25314
0 117 25072
117 0 25072
0 118 14095
118 0 14095
0 119 7951
119 0 7951
0 120 741
120 0 741
0 121 15450
121 0 15450
0 122 1430
122 0 1430
0 123 29208
123 0 29208
0 124 6994
124 0 6994
0 125 32920
125 0 32920
0 126 31886
126 0 31886
0 127 30826
127 0 30826
0 128 10304
128 0 10304
0 129 16203
129 0 16203
0 130 22648
130 0 22648
0 131 10238
131 0 10238
0 132 6365
132 0 6365
0 133 28328
133 0 28328
0 134 10322
134 0 10322
0 135 14432
135 0 14432
0 136 31930
136 0 31930
0 137 27402
137 0 27402
0 138 14433
138 0 14433
0 139 2729
139 0 2729
0 140 5967
140 0 5967
0 141 24166
141 0 24166
0 142 18795
142 0 18795
0 143 30015
143 0 30015
0 144 82
144 0 82
0 145 24923
145 0 24923
0 146 33211
146 0 33211
0 147 33236
147 0 33236
0 148 17582
148 0 17582
0 149 16199
149 0 16199
1 2 9852
2 1 9852
1 3 28699
3 1 28699
1 4 29217
4 1 29217
1 5 33473
5 1 33473
1 6 4661
6 1 4661
1 7 31650
7 1 31650
1 8 21372
8 1 21372
1 9 18890
9 1 18890
1 10 32069
10 1 32069
1 11 16764
11 1 16764
1 12 4242
12 1 4242
1 13 17359
13 1 17359
1 14 11084
14 1 11084
1 15 17927
15 1 17927
1 16 17311
16 1 17311
1 17 26161
17 1 26161
1 18 26142
18 1 26142
1 19 18793
19 1 18793
1 20 14902
20 1 14902
1 21 28475
21 1 28475
1 22 14476
22 1 14476
1 23 31759
23 1 31759
1 24 33071
24 1 33071
1 25 26405
25 1 26405
1 26 10136
26 1 10136
1 27 8458
27 1 8458
1 28 15959
28 1 15959
1 29 31135
29 1 31135
1 30 19978
30 1 19978
1 31 22105
31 1 22105
1 32 19364
32 1 19364
1 33 29138
33 1 29138
1 34 25007
34 1 25007
1 35 24207
35 1 24207
1 36 6524
36 1 6524
1 37 25015
37 1 25015
1 38 18532
38 1 18532
1 39 1066
39 1 1066
1 40 26238
40 1 26238
1 41 1423
41 1 1423
1 42 20518
42 1 20518
1 43 22098
43 1 22098
1 44 13340
44 1 13340
1 45 2316
45 1 2316
1 46 28698
46 1 28698
1 47 11332
47 1 11332
1 48 12651
48 1 12651
1 49 28415
49 1 28415
1 50 19907
50 1 19907
1 51 19614
51 1 19614
1 52 1738
52 1 1738
1 53 6825
53 1 6825
1 54 29618
54 1 29618
1 55 19666
55 1 19666
1 56 4080
56 1 4080
1 57 4294
57 1 4294
1 58 30797
58 1 30797
1 59 22242
59 1 22242
1 60 19786
60 1 19786
1 61 23360
61 1 23360
1 62 22494
62 1 22494
1 63 15125
63 1 15125
1 64 29419
64 1 29419
1 65 19433
65 1 19433
1 66 11575
66 1 11575
1 67 25673
67 1 25673
1 68 18966
68 1 18966
1 69 25671
69 1 25671
1 70 31260
70 1 31260
1 71 33147
71 1 33147
1 72 32237
72 1 32237
1 73 10776
73 1 10776
1 74 32011
74 1 32011
1 75 11086
75 1 11086
1 76 32
76 1 32
1 77 24762
77 1 24762
1 78 18378
78 1 18378
1 79 13467
79 1 13467
1 80 22002
80 1 22002
1 81 7105
81 1 7105
1 82 13800
82 1 13800
1 83 18411
83 1 18411
1 84 14246
84 1 14246
1 85 147
85 1 147
1 86 19145
86 1 19145
1 87 4909
87 1 4909
1 88 29940
88 1 29940
1 89 402
89 1 402
1 90 18468
90 1 18468
1 91 22908
91 1 22908
1 92 28756
92 1 28756
1 93 1710
93 1 1710
1 94 960
94 1 960
1 95 22600
95 1 22600
1 96 28367
96 1 28367
1 97 1251
97 1 1251
1 98 11708
98 1 11708
1 99 25741
99 1 25741
1 100 30778
100 1 30778
1 101 4036
101 1 4036
1 102 23592
102 1 23592
1 103 26608
103 1 26608
1 104 29455
104 1 29455
1 105 12321
105 1 12321
1 106 31818
106 1 31818
1 107 23536
107 1 23536
1 108 26534
108 1 26534
1 109 26923
109 1 26923
1 110 8639
110 1 8639
1 111 9987
111 1 9987
1 112 8587
112 1 8587
1 113 9877
113 1 9877
1 114 6274
114 1 6274
1 115 23114
115 1 23114
1 116 12792
116 1 12792
1 117 5443
117 1 5443
1 118 23514
118 1 23514
1 119 26097
119 1 26097
1 120 6454
120 1 6454
1 121 12131
121 1 12131
1 122 32844
122 1 32844
1 123 9139
123 1 9139
1 124 5859
124 1 5859
1 125 5823
125 1 5823
1 126 29028
126 1 29028
1 127 2778
127 1 2778
1 128 22031
128 1 22031
1 129 14837
129 1 14837
1 130 32451
130 1 32451
1 131 8598
131 1 8598
1 132 4485
132 1 4485
1 133 20274
133 1 20274
1 134 17272
134 1 17272
1 135 21347
135 1 21347
1 136 2125
136 1 2125
1 137 32429
137 1 32429
1 138 27393
138 1 27393
1 139 4998
139 1 4998
1 140 5305
140 1 5305
1 141 19363
141 1 19363
1 142 7873
142 1 7873
1 143 19308
143 1 19308
1 144 20848
144 1 20848
1 145 10354
145 1 10354
1 146 31154
146 1 31154
1 147 12076
147 1 12076
1 148 23396
148 1 23396
1 149 18103
149 1 18103
2 3 14536
3 2 14536
2 4 2082
4 2 2082
2 5 18418
5 2 18418
2 6 2950
6 2 2950
2 7 8224
7 2 8224
2 8 22187
8 2 22187
2 9 15862
9 2 15862
2 10 7065
10 2 7065
2 11 21794
11 2 21794
2 12 18264
12 2 18264
2 13 32022
13 2 32022
2 14 27331
14 2 27331
2 15 2876
15 2 2876
2 16 17651
16 2 17651
2 17 28052
17 2 28052
2 18 16716
18 2 16716
2 19 20655
19 2 20655
2 20 10339
20 2 10339
2 21 29072
21 2 29072
2 22 6411
22 2 6411
2 23 5156
23 2 5156
2 24 331
24 2 331
2 25 14018
25 2 14018
2 26 23347
26 2 23347
2 27 27616
27 2 27616
2 28 11643
28 2 11643
2 29 2885
29 2 2885
2 30 13506
30 2 13506
2 31 24041
31 2 24041
2 32 11222
32 2 11222
2 33 32683
33 2 32683
2 34 12892
34 2 12892
2 35 8814
35 2 8814
2 36 3550
36 2 3550
2 37 3094
37 2 3094
2 38 7504
38 2 7504
2 39 25628
39 2 25628
2 40 26697
40 2 26697
2 41 14905
41 2 14905
2 42 22779
42 2 22779
2 43 28034
43 2 28034
2 44 6128
44 2 6128
2 45 19429
45 2 19429
2 46 22583
46 2 22583
2 47 4659
47 2 4659
2 48 6906
48 2 6906
2 49 1095
49 2 1095
2 50 28778
50 2 28778
2 51 28778
51 2 28778
2 52 1696
52 2 1696
2 53 1647
53 2 1647
2 54 29746
54 2 29746
2 55 2870
55 2 2870
2 56 9520
56 2 9520
2 57 31668
57 2 31668
2 58 26758
58 2 26758
2 59 26795
59 2 26795
2 60 8143
60 2 8143
2 61 31614
61 2 31614
2 62 20825
62 2 20825
2 63 18048
63 2 18048
2 64 13651
64 2 13651
2 65 16247
65 2 16247
2 66 3824
66 2 3824
2 67 707
67 2 707
2 68 4461
68 2 4461
2 69 5122
69 2 5122
2 70 1526
70 2 1526
2 71 10682
71 2 10682
2 72 537
72 2 537
2 73 2389
73 2 2389
2 74 3630
74 2 3630
2 75 15316
75 2 15316
2 76 33297
76 2 33297
2 77 15533
77 2 15533
2 78 28666
78 2 28666
2 79 13259
79 2 13259
2 80 3874
80 2 3874
2 81 8787
81 2 8787
2 82 21487
82 2 21487
2 83 394
83 2 394
2 84 10379
84 2 10379
2 85 18315
85 2 18315
2 86 11228
86 2 11228
2 87 16165
87 2 16165
2 88 3993
88 2 3993
2 89 12959
89 2 12959
2 90 28483
90 2 28483
2 91 14209
91 2 14209
2 92 28718
92 2 28718
2 93 11796
93 2 11796
2 94 16484
94 2 16484
2 95 27647
95 2 27647
2 96 19158
96 2 19158
2 97 24133
97 2 24133
2 98 23873
98 2 23873
2 99 13907
99 2 13907
2 100 10543
100 2 10543
2 101 10817
101 2 10817
2 102 18377
102 2 18377
2 103 20194
103 2 20194
2 104 22577
104 2 22577
2 105 14130
105 2 14130
2 106 5923
106 2 5923
2 107 15573
107 2 15573
2 108 29039
108 2 29039
2 109 28823
109 2 28823
2 110 6181
110 2 6181
2 111 20845
111 2 20845
2 112 13814
112 2 13814
2 113 27317
113 2 27317
2 114 27532
114 2 27532
2 115 18515
115 2 18515
2 116 7740
116 2 7740
2 117 8053
117 2 8053
2 118 17392
118 2 17392
2 119 15528
119 2 15528
2 120 31307
120 2 31307
2 121 9912
121 2 9912
2 122 12513
122 2 12513
2 123 7947
123 2 7947
2 124 11561
124 2 11561
2 125 31400
125 2 31400
2 126 1082
126 2 1082
2 127 15380
127 2 15380
2 128 6394
128 2 6394
2 129 10247
129 2 10247
2 130 9932
130 2 9932
2 131 21033
131 2 21033
2 132 28088
132 2 28088
2 133 30233
133 2 30233
2 134 27504
134 2 27504
2 135 30448
135 2 30448
2 136 20267
136 2 20267
2 137 7421
137 2 7421
2 138 14978
138 2 14978
2 139 7827
139 2 7827
2 140 18718
140 2 18718
2 141 29707
141 2 29707
2 142 11530
142 2 11530
2 143 20165
143 2 20165
2 144 29484
144 2 29484
2 145 7630
145 2 7630
2 146 9888
146 2 9888
2 147 25115
147 2 25115
2 148 18820
148 2 18820
2 149 17162
149 2 17162
3 4 16276
4 3 16276
3 5 33152
5 3 33152
3 6 27253
6 3 27253
3 7 9893
7 3 9893
3 8 25464
8 3 25464
3 9 2279
9 3 2279
3 10 12507
10 3 12507
3 11 15458
11 3 15458
3 12 31805
12 3 31805
3 13 15215
13 3 15215
3 14 6578
14 3 6578
3 15 19080
15 3 19080
3 16 11583
16 3 11583
3 17 14455
17 3 14455
3 18 31940
18 3 31940
3 19 9127
19 3 9127
3 20 10435
20 3 10435
3 21 29371
21 3 29371
3 22 33275
22 3 33275
3 23 13199
23 3 13199
3 24 4775
24 3 4775
3 25 15922
25 3 15922
3 26 15481
26 3 15481
3 27 8433
27 3 8433
3 28 17989
28 3 17989
3 29 31458
29 3 31458
3 30 9405
30 3 9405
3 31 11084
31 3 11084
3 32 18990
32 3 18990
3 33 27727
33 3 27727
3 34 30401
34 3 30401
3 35 13192
35 3 13192
3 36 31744
36 3 31744
3 37 5432
37 3 5432
3 38 22331
38 3 22331
3 39 18731
39 3 18731
3 40 20528
40 3 20528
3 41 18956
41 3 18956
3 42 26943
42 3 26943
3 43 2991
43 3 2991
3 44 6676
44 3 6676
3 45 30313
45 3 30313
3 46 30385
46 3 30385
3 47 7277
47 3 7277
3 48 20180
48 3 20180
3 49 15252
49 3 15252
3 50 29195
50 3 29195
3 51 21579
51 3 21579
3 52 11290
52 3 11290
3 53 4439
53 3 4439
3 54 17139
54 3 17139
3 55 29518
55 3 29518
3 56 17188
56 3 17188
3 57 30921
57 3 30921
3 58 30064
58 3 30064
3 59 33388
59 3 33388
3 60 9268
60 3 9268
3 61 27236
61 3 27236
3 62 11175
62 3 11175
3 63 26364
63 3 26364
3 64 4495
64 3 4495
3 65 30615
65 3 30615
3 66 31554
66 3 31554
3 67 4165
67 3 4165
3 68 28770
68 3 28770
3 69 19567
69 3 19567
3 70 28242
70 3 28242
3 71 2511
71 3 2511
3 72 19066
72 3 19066
3 73 2562
73 3 2562
3 74 3767
74 3 3767
3 75 32393
75 3 32393
3 76 2112
76 3 2112
3 77 21574
77 3 21574
3 78 8253
78 3 8253
3 79 3938
79 3 3938
3 80 20346
80 3 20346
3 81 10007
81 3 10007
3 82 25001
82 3 25001
3 83 31946
83 3 31946
3 84 21581
84 3 21581
3 85 29949
85 3 29949
3 86 2599
86 3 2599
3 87 12391
87 3 12391
3 88 27700
88 3 27700
3 89 10180
89 3 10180
3 90 28378
90 3 28378
3 91 4030
91 3 4030
3 92 6659
92 3 6659
3 93 4385
93 3 4385
3 94 30317
94 3 30317
3 95 27003
95 3 27003
3 96 1287
96 3 1287
3 97 23060
97 3 23060
3 98 1523
98 3 1523
3 99 12992
99 3 12992
3 100 11031
100 3 11031
3 101 15182
101 3 15182
3 102 30255
102 3 30255
3 103 6924
103 3 6924
3 104 17808
104 3 17808
3 105 25717
105 3 25717
3 106 25370
106 3 25370
3 107 23616
107 3 23616
3 108 8601
108 3 8601
3 109 12241
109 3 12241
3 110 353
110 3 353
3 111 6382
111 3 6382
3 112 30250
112 3 30250
3 113 8434
113 3 8434
3 114 29412
114 3 29412
3 115 2056
115 3 2056
3 116 24914
116 3 24914
3 117 25805
117 3 25805
3 118 16688
118 3 16688
3 119 31618
119 3 31618
3 120 24844
120 3 24844
3 121 693
121 3 693
3 122 31545
122 3 31545
3 123 9017
123 3 9017
3 124 15829
124 3 15829
3 125 18509
125 3 18509
3 126 32921
126 3 32921
3 127 10487
127 3 10487
3 128 18019
128 3 18019
3 129 32857
129 3 32857
3 130 10307
130 3 10307
3 131 16909
131 3 16909
3 132 9458
132 3 9458
3 133 15760
133 3 15760
3 134 486
134 3 486
3 135 24760
135 3 24760
3 136 32311
136 3 32311
3 137 30701
137 3 30701
3 138 26206
138 3 26206
3 139 7861
139 3 7861
3 140 31096
140 3 31096
3 141 14440
141 3 14440
3 142 7670
142 3 7670
3 143 20391
143 3 20391
3 144 17699
144 3 17699
3 145 8012
145 3 8012
3 146 25541
146 3 25541
3 147 11636
147 3 11636
3 148 5338
148 3 5338
3 149 18527
149 3 18527
4 5 22107
5 4 22107
4 6 17084
6 4 17084
4 7 16788
7 4 16788
4 8 10198
8 4 10198
4 9 2019
9 4 2019
4 10 22947
10 4 22947
4 11 30074
11 4 30074
4 12 31986
12 4 31986
4 13 3778
13 4 3778
4 14 31586
14 4 31586
4 15 17481
15 4 17481
4 16 5610
16 4 5610
4 17 28058
17 4 28058
4 18 11215
18 4 11215
4 19 13559
19 4 13559
4 20 28097
20 4 28097
4 21 26640
21 4 26640
4 22 28126
22 4 28126
4 23 18968
23 4 18968
4 24 10284
24 4 10284
4 25 1500
25 4 1500
4 26 29094
26 4 29094
4 27 14593
27 4 14593
4 28 26099
28 4 26099
4 29 8839
29 4 8839
4 30 14645
30 4 14645
4 31 29582
31 4 29582
4 32 5194
32 4 5194
4 33 7405
33 4 7405
4 34 11741
34 4 11741
4 35 13919
35 4 13919
4 36 25608
36 4 25608
4 37 17668
37 4 17668
4 38 28801
38 4 28801
4 39 22353
39 4 22353
4 40 7943
40 4 7943
4 41 6760
41 4 6760
4 42 22450
42 4 22450
4 43 19216
43 4 19216
4 44 1951
44 4 1951
4 45 3507
45 4 3507
4 46 6090
46 4 6090
4 47 2819
47 4 2819
4 48 5124
48 4 5124
4 49 1572
49 4 1572
4 50 1447
50 4 1447
4 51 26890
51 4 26890
4 52 20560
52 4 20560
4 53 19622
53 4 19622
4 54 9250
54 4 9250
4 55 27918
55 4 27918
4 56 28461
56 4 28461
4 57 21577
57 4 21577
4 58 9630
58 4 9630
4 59 26716
59 4 26716
4 60 18891
60 4 18891
4 61 14017
61 4 14017
4 62 8342
62 4 8342
4 63 5555
63 4 5555
4 64 16037
64 4 16037
4 65 23362
65 4 23362
4 66 8777
66 4 8777
4 67 26435
67 4 26435
4 68 31599
68 4 31599
4 69 23851
69 4 23851
4 70 16484
70 4 16484
4 71 25508
71 4 25508
4 72 10158
72 4 10158
4 73 19731
73 4 19731
4 74 2839
74 4 2839
4 75 2801
75 4 2801
4 76 9098
76 4 9098
4 77 13096
77 4 13096
4 78 16559
78 4 16559
4 79 12253
79 4 12253
4 80 19031
80 4 19031
4 81 25389
81 4 25389
4 82 29691
82 4 29691
4 83 31875
83 4 31875
4 84 28394
84 4 28394
4 85 6836
85 4 6836
4 86 9972
86 4 9972
4 87 29722
87 4 29722
4 88 4641
88 4 4641
4 89 31575
89 4 31575
4 90 11844
90 4 11844
4 91 24381
91 4 24381
4 92 21764
92 4 21764
4 93 16231
93 4 16231
4 94 9259
94 4 9259
4 95 6357
95 4 6357
4 96 18740
96 4 18740
4 97 31590
97 4 31590
4 98 4082
98 4 4082
4 99 8989
99 4 8989
4 100 31400
100 4 31400
4 101 15328
101 4 15328
4 102 2239
102 4 2239
4 103 33290
103 4 33290
4 104 23226
104 4 23226
4 105 16475
105 4 16475
4 106 20152
106 4 20152
4 107 1785
107 4 1785
4 108 16541
108 4 16541
4 109 19246
109 4 19246
4 110 9541
110 4 9541
4 111 17067
111 4 17067
4 112 1463
112 4 1463
4 113 10961
113 4 10961
4 114 20741
114 4 20741
4 115 26086
115 4 26086
4 116 2033
116 4 2033
4 117 30895
117 4 30895
4 118 4681
118 4 4681
4 119 8262
119 4 8262
4 120 1457
120 4 1457
4 121 24956
121 4 24956
4 122 8944
122 4 8944
4 123 12353
123 4 12353
4 124 25992
124 4 25992
4 125 3529
125 4 3529
4 126 30367
126 4 30367
4 127 14505
127 4 14505
4 128 15115
128 4 15115
4 129 24503
129 4 24503
4 130 17296
130 4 17296
4 131 27226
131 4 27226
4 132 4238
132 4 4238
4 133 29186
133 4 29186
4 134 23893
134 4 23893
4 135 27410
135 4 27410
4 136 20685
136 4 20685
4 137 19003
137 4 19003
4 138 17472
138 4 17472
4 139 28554
139 4 28554
4 140 16667
140 4 16667
4 141 23627
141 4 23627
4 142 6179
142 4 6179
4 143 25407
143 4 25407
4 144 16539
144 4 16539
4 145 12114
145 4 12114
4 146 1414
146 4 1414
4 147 20354
147 4 20354
4 148 14843
148 4 14843
4 149 27195
149 4 27195
5 6 5645
6 5 5645
5 7 27852
7 5 27852
5 8 8524
8 5 8524
5 9 26788
9 5 26788
5 10 29948
10 5 29948
5 11 25197
11 5 25197
5 12 28472
12 5 28472
5 13 15278
13 5 15278
5 14 20979
14 5 20979
5 15 11472
15 5 11472
5 16 279
16 5 279
5 17 30767
17 5 30767
5 18 28264
18 5 28264
5 19 23892
19 5 23892
5 20 22546
20 5 22546
5 21 27110
21 5 27110
5 22 8394
22 5 8394
5 23 2703
23 5 2703
5 24 6069
24 5 6069
5 25 10085
25 5 10085
5 26 30374
26 5 30374
5 27 29051
27 5 29051
5 28 31550
28 5 31550
5 29 8335
29 5 8335
5 30 4638
30 5 4638
5 31 12591
31 5 12591
5 32 6602
32 5 6602
5 33 11562
33 5 11562
5 34 30339
34 5 30339
5 35 7913
35 5 7913
5 36 18090
36 5 18090
5 37 15391
37 5 15391
5 38 1431
38 5 1431
5 39 16796
39 5 16796
5 40 17337
40 5 17337
5 41 24523
41 5 24523
5 42 31925
42 5 31925
5 43 28006
43 5 28006
5 44 27582
44 5 27582
5 45 28081
45 5 28081
5 46 21070
46 5 21070
5 47 20211
47 5 20211
5 48 7341
48 5 7341
5 49 2711
49 5 2711
5 50 8087
50 5 8087
5 51 3339
51 5 3339
5 52 3599
52 5 3599
5 53 21423
53 5 21423
5 54 2845
54 5 2845
5 55 26953
55 5 26953
5 56 29012
56 5 29012
5 57 7513
57 5 7513
5 58 4271
58 5 4271
5 59 11197
59 5 11197
5 60 23072
60 5 23072
5 61 17504
61 5 17504
5 62 11830
62 5 11830
5 63 12926
63 5 12926
5 64 12526
64 5 12526
5 65 2136
65 5 2136
5 66 12835
66 5 12835
5 67 19653
67 5 19653
5 68 17935
68 5 17935
5 69 25549
69 5 25549
5 70 2517
70 5 2517
5 71 19873
71 5 19873
5 72 5940
72 5 5940
5 73 26829
73 5 26829
5 74 19814
74 5 19814
5 75 18593
75 5 18593
5 76 4908
76 5 4908
5 77 4478
77 5 4478
5 78 8694
78 5 8694
5 79 20102
79 5 20102
5 80 15377
80 5 15377
5 81 6491
81 5 6491
5 82 33436
82 5 33436
5 83 16246
83 5 16246
5 84 4343
84 5 4343
5 85 2647
85 5 2647
5 86 32188
86 5 32188
5 87 17215
87 5 17215
5 88 28523
88 5 28523
5 89 17401
89 5 17401
5 90 9080
90 5 9080
5 91 15409
91 5 15409
5 92 32699
92 5 32699
5 93 21683
93 5 21683
5 94 24845
94 5 24845
5 95 26448
95 5 26448
5 96 17990
96 5 17990
5 97 6518
97 5 6518
5 98 25351
98 5 25351
5 99 14761
99 5 14761
5 100 21078
100 5 21078
5 101 10386
101 5 10386
5 102 22156
102 5 22156
5 103 5322
103 5 5322
5 104 26950
104 5 26950
5 105 21979
105 5 21979
5 106 10195
106 5 10195
5 107 25659
107 5 25659
5 108 28861
108 5 28861
5 109 23054
109 5 23054
5 110 5782
110 5 5782
5 111 21048
111 5 21048
5 112 21722
112 5 21722
5 113 26702
113 5 26702
5 114 20246
114 5 20246
5 115 9378
115 5 9378
5 116 20850
116 5 20850
5 117 12401
117 5 12401
5 118 19688
118 5 19688
5 119 830
119 5 830
5 120 29589
120 5 29589
5 121 25048
121 5 25048
5 122 19336
122 5 19336
5 123 15309
123 5 15309
5 124 21273
124 5 21273
5 125 908
125 5 908
5 126 21501
126 5 21501
5 127 2792
127 5 2792
5 128 32664
128 5 32664
5 129 25274
129 5 25274
5 130 27998
130 5 27998
5 131 20076
131 5 20076
5 132 13452
132 5 13452
5 133 11667
133 5 11667
5 134 8439
134 5 8439
5 135 3146
135 5 3146
5 136 8828
136 5 8828
5 137 24805
137 5 24805
5 138 26681
138 5 26681
5 139 9313
139 5 9313
5 140 21814
140 5 21814
5 141 13709
141 5 13709
5 142 9568
142 5 9568
5 143 7760
143 5 7760
5 144 18489
144 5 18489
5 145 2523
145 5 2523
5 146 21177
146 5 21177
5 147 3144
147 5 3144
5 148 23835
148 5 23835
5 149 12776
149 5 12776
6 7 28142
7 6 28142
6 8 9276
8 6 9276
6 9 16645
9 6 16645
6 10 11244
10 6 11244
6 11 19118
11 6 19118
6 12 8592
12 6 8592
6 13 8550
13 6 8550
6 14 13816
14 6 13816
6 15 4546
15 6 4546
6 16 17839
16 6 17839
6 17 16508
17 6 16508
6 18 24389
18 6 24389
6 19 33169
19 6 33169
6 20 26381
20 6 26381
6 21 29843
21 6 29843
6 22 17765
22 6 17765
6 23 23007
23 6 23007
6 24 22651
24 6 22651
6 25 757
25 6 757
6 26 3438
26 6 3438
6 27 19892
27 6 19892
6 28 29019
28 6 29019
6 29 29262
29 6 29262
6 30 337
30 6 337
6 31 22609
31 6 22609
6 32 9132
32 6 9132
6 33 18989
33 6 18989
6 34 24092
34 6 24092
6 35 19735
35 6 19735
6 36 450
36 6 450
6 37 31963
37 6 31963
6 38 22078
38 6 22078
6 39 31798
39 6 31798
6 40 11481
40 6 11481
6 41 24148
41 6 24148
6 42 4480
42 6 4480
6 43 22997
43 6 22997
6 44 26608
44 6 26608
6 45 14007
45 6 14007
6 46 26217
46 6 26217
6 47 6429
47 6 6429
6 48 31116
48 6 31116
6 49 31142
49 6 31142
6 50 1190
50 6 1190
6 51 3127
51 6 3127
6 52 19490
52 6 19490
6 53 5207
53 6 5207
6 54 6179
54 6 6179
6 55 6007
55 6 6007
6 56 30854
56 6 30854
6 57 18953
57 6 18953
6 58 13409
58 6 13409
6 59 1054
59 6 1054
6 60 32983
60 6 32983
6 61 111
61 6 111
6 62 1888
62 6 1888
6 63 10130
63 6 10130
6 64 6284
64 6 6284
6 65 9352
65 6 9352
6 66 31583
66 6 31583
6 67 15771
67 6 15771
6 68 5423
68 6 5423
6 69 4455
69 6 4455
6 70 20688
70 6 20688
6 71 23725
71 6 23725
6 72 28905
72 6 28905
6 73 19630
73 6 19630
6 74 31015
74 6 31015
6 75 9956
75 6 9956
6 76 16451
76 6 16451
6 77 6290
77 6 6290
6 78 30491
78 6 30491
6 79 20722
79 6 20722
6 80 21414
80 6 21414
6 81 26641
81 6 26641
6 82 11287
82 6 11287
6 83 30366
83 6 30366
6 84 7191
84 6 7191
6 85 10405
85 6 10405
6 86 32265
86 6 32265
6 87 30468
87 6 30468
6 88 16364
88 6 16364
6 89 7030
89 6 7030
6 90 32184
90 6 32184
6 91 1044
91 6 1044
6 92 22925
92 6 22925
6 93 22716
93 6 22716
6 94 3774
94 6 3774
6 95 6041
95 6 6041
6 96 12818
96 6 12818
6 97 29796
97 6 29796
6 98 31986
98 6 31986
6 99 11661
99 6 11661
6 100 18704
100 6 18704
6 101 7904
101 6 7904
6 102 30230
102 6 30230
6 103 1255
103 6 1255
6 104 8832
104 6 8832
6 105 17854
105 6 17854
6 106 4669
106 6 4669
6 107 10192
107 6 10192
6 108 18566
108 6 18566
6 109 28046
109 6 28046
6 110 3694
110 6 3694
6 111 30152
111 6 30152
6 112 23286
112 6 23286
6 113 21525
113 6 21525
6 114 32963
114 6 32963
6 115 4366
115 6 4366
6 116 10038
116 6 10038
6 117 13470
117 6 13470
6 118 5215
118 6 5215
6 119 21390
119 6 21390
6 120 29706
120 6 29706
6 121 787
121 6 787
6 122 23820
122 6 23820
6 123 32786
123 6 32786
6 124 10498
124 6 10498
6 125 13768
125 6 13768
6 126 8644
126 6 8644
6 127 16252
127 6 16252
6 128 18250
128 6 18250
6 129 5800
129 6 5800
6 130 6545
130 6 6545
6 131 18853
131 6 18853
6 132 8897
132 6 8897
6 133 31085
133 6 31085
6 134 10647
134 6 10647
6 135 10339
135 6 10339
6 136 13378
136 6 13378
6 137 33487
137 6 33487
6 138 15158
138 6 15158
6 139 5067
139 6 5067
6 140 17935
140 6 17935
6 141 15433
141 6 15433
6 142 20234
142 6 20234
6 143 17452
143 6 17452
6 144 1978
144 6 1978
6 145 7853
145 6 7853
6 146 30220
146 6 30220
6 147 8378
147 6 8378
6 148 23803
148 6 23803
6 149 11374
149 6 11374
7 8 31477
8 7 31477
7 9 11388
9 7 11388
7 10 1767
10 7 1767
7 11 4709
11 7 4709
7 12 14032
12 7 14032
7 13 22954
13 7 22954
7 14 6401
14 7 6401
7 15 27782
15 7 27782
7 16 27288
16 7 27288
7 17 32869
17 7 32869
7 18 3350
18 7 3350
7 19 19012
19 7 19012
7 20 8136
20 7 8136
7 21 7183
21 7 7183
7 22 3601
22 7 3601
7 23 32191
23 7 32191
7 24 20798
24 7 20798
7 25 19185
25 7 19185
7 26 17912
26 7 17912
7 27 33282
27 7 33282
7 28 11214
28 7 11214
7 29 20703
29 7 20703
7 30 4987
30 7 4987
7 31 775
31 7 775
7 32 28012
32 7 28012
7 33 8739
33 7 8739
7 34 10038
34 7 10038
7 35 8780
35 7 8780
7 36 28400
36 7 28400
7 37 16004
37 7 16004
7 38 6742
38 7 6742
7 39 3655
39 7 3655
7 40 4263
40 7 4263
7 41 21158
41 7 21158
7 42 13244
42 7 13244
7 43 29805
43 7 29805
7 44 18438
44 7 18438
7 45 22204
45 7 22204
7 46 19590
46 7 19590
7 47 5189
47 7 5189
7 48 20670
48 7 20670
7 49 26730
49 7 26730
7 50 7870
50 7 7870
7 51 31013
51 7 31013
7 52 15394
52 7 15394
7 53 2127
53 7 2127
7 54 1651
54 7 1651
7 55 29632
55 7 29632
7 56 29146
56 7 29146
7 57 13776
57 7 13776
7 58 7295
58 7 7295
7 59 15331
59 7 15331
7 60 28100
60 7 28100
7 61 2050
61 7 2050
7 62 27598
62 7 27598
7 63 10975
63 7 10975
7 64 20698
64 7 20698
7 65 16770
65 7 16770
7 66 19923
66 7 19923
7 67 26737
67 7 26737
7 68 9186
68 7 9186
7 69 9086
69 7 9086
7 70 32383
70 7 32383
7 71 10309
71 7 10309
7 72 29214
72 7 29214
7 73 2127
73 7 2127
7 74 28508
74 7 28508
7 75 16523
75 7 16523
7 76 23556
76 7 23556
7 77 27902
77 7 27902
7 78 15057
78 7 15057
7 79 22343
79 7 22343
7 80 13910
80 7 13910
7 81 17301
81 7 17301
7 82 10059
82 7 10059
7 83 9586
83 7 9586
7 84 15297
84 7 15297
7 85 20493
85 7 20493
7 86 11572
86 7 11572
7 87 17500
87 7 17500
7 88 17857
88 7 17857
7 89 536
89 7 536
7 90 32936
90 7 32936
7 91 6371
91 7 6371
7 92 12170
92 7 12170
7 93 13904
93 7 13904
7 94 5082
94 7 5082
7 95 22659
95 7 22659
7 96 32382
96 7 32382
7 97 24258
97 7 24258
7 98 1838
98 7 1838
7 99 15147
99 7 15147
7 100 11195
100 7 11195
7 101 21007
101 7 21007
7 102 24812
102 7 24812
7 103 18982
103 7 18982
7 104 9278
104 7 9278
7 105 28604
105 7 28604
7 106 1634
106 7 1634
7 107 15531
107 7 15531
7 108 4201
108 7 4201
7 109 20953
109 7 20953
7 110 3676
110 7 3676
7 111 27948
111 7 27948
7 112 15442
112 7 15442
7 113 24123
113 7 24123
7 114 5349
114 7 5349
7 115 9284
115 7 9284
7 116 5237
116 7 5237
7 117 23218
117 7 23218
7 118 18945
118 7 18945
7 119 31981
119 7 31981
7 120 2766
120 7 2766
7 121 369
121 7 369
7 122 9215
122 7 9215
7 123 25584
123 7 25584
7 124 30801
124 7 30801
7 125 20613
125 7 20613
7 126 5686
126 7 5686
7 127 7173
127 7 7173
7 128 29045
128 7 29045
7 129 14540
129 7 14540
7 130 26439
130 7 26439
7 131 30068
131 7 30068
7 132 18542
132 7 18542
7 133 11427
133 7 11427
7 134 23635
134 7 23635
7 135 13032
135 7 13032
7 136 10579
136 7 10579
7 137 30708
137 7 30708
7 138 16436
138 7 16436
7 139 31722
139 7 31722
7 140 8773
140 7 8773
7 141 21422
141 7 21422
7 142 12251
142 7 12251
7 143 6562
143 7 6562
7 144 13197
144 7 13197
7 145 25514
145 7 25514
7 146 129
146 7 129
7 147 4684
147 7 4684
7 148 9958
148 7 9958
7 149 15317
149 7 15317
8 9 9285
9 8 9285
8 10 20216
10 8 20216
8 11 3870
11 8 3870
8 12 15469
12 8 15469
8 13 8300
13 8 8300
8 14 15357
14 8 15357
8 15 32278
15 8 32278
8 16 24311
16 8 24311
8 17 26302
17 8 26302
8 18 12050
18 8 12050
8 19 9714
19 8 9714
8 20 20584
20 8 20584
8 21 19964
21 8 19964
8 22 734
22 8 734
8 23 26782
23 8 26782
8 24 28787
24 8 28787
8 25 11182
25 8 11182
8 26 22029
26 8 22029
8 27 4824
27 8 4824
8 28 20944
28 8 20944
8 29 20060
29 8 20060
8 30 31968
30 8 31968
8 31 27699
31 8 27699
8 32 29786
32 8 29786
8 33 9884
33 8 9884
8 34 9221
34 8 9221
8 35 15441
35 8 15441
8 36 1597
36 8 1597
8 37 2342
37 8 2342
8 38 3611
38 8 3611
8 39 21874
39 8 21874
8 40 4340
40 8 4340
8 41 17486
41 8 17486
8 42 2904
42 8 2904
8 43 18237
43 8 18237
8 44 29401
44 8 29401
8 45 1262
45 8 1262
8 46 22759
46 8 22759
8 47 15218
47 8 15218
8 48 3915
48 8 3915
8 49 5676
49 8 5676
8 50 11833
50 8 11833
8 51 15839
51 8 15839
8 52 13159
52 8 13159
8 53 23229
53 8 23229
8 54 855
54 8 855
8 55 10958
55 8 10958
8 56 119
56 8 119
8 57 6811
57 8 6811
8 58 13767
58 8 13767
8 59 2899
59 8 2899
8 60 13199
60 8 13199
8 61 23416
61 8 23416
8 62 9564
62 8 9564
8 63 23541
63 8 23541
8 64 22208
64 8 22208
8 65 4906
65 8 4906
8 66 163
66 8 163
8 67 18156
67 8 18156
8 68 32718
68 8 32718
8 69 8054
69 8 8054
8 70 9987
70 8 9987
8 71 14524
71 8 14524
8 72 8748
72 8 8748
8 73 31544
73 8 31544
8 74 6130
74 8 6130
8 75 10155
75 8 10155
8 76 26011
76 8 26011
8 77 23732
77 8 23732
8 78 2590
78 8 2590
8 79 9569
79 8 9569
8 80 5496
80 8 5496
8 81 29192
81 8 29192
8 82 8774
82 8 8774
8 83 21883
83 8 21883
8 84 19902
84 8 19902
8 85 18934
85 8 18934
8 86 4861
86 8 4861
8 87 8419
87 8 8419
8 88 10805
88 8 10805
8 89 19632
89 8 19632
8 90 7491
90 8 7491
8 91 33108
91 8 33108
8 92 22579
92 8 22579
8 93 30507
93 8 30507
8 94 9084
94 8 9084
8 95 24996
95 8 24996
8 96 27495
96 8 27495
8 97 15302
97 8 15302
8 98 17615
98 8 17615
8 99 18013
99 8 18013
8 100 8921
100 8 8921
8 101 25114
101 8 25114
8 102 3393
102 8 3393
8 103 9873
103 8 9873
8 104 22007
104 8 22007
8 105 18419
105 8 18419
8 106 13889
106 8 13889
8 107 15523
107 8 15523
8 108 6901
108 8 6901
8 109 11746
109 8 11746
8 110 28318
110 8 28318
8 111 21329
111 8 21329
8 112 5292
112 8 5292
8 113 12160
113 8 12160
8 114 20732
114 8 20732
8 115 7935
115 8 7935
8 116 4029
116 8 4029
8 117 9698
117 8 9698
8 118 23972
118 8 23972
8 119 11370
119 8 11370
8 120 23650
120 8 23650
8 121 834
121 8 834
8 122 12249
122 8 12249
8 123 19083
123 8 19083
8 124 28580
124 8 28580
8 125 6263
125 8 6263
8 126 792
126 8 792
8 127 13071
127 8 13071
8 128 27974
128 8 27974
8 129 16553
129 8 16553
8 130 24404
130 8 24404
8 131 24103
131 8 24103
8 132 11169
132 8 11169
8 133 29291
133 8 29291
8 134 14095
134 8 14095
8 135 5385
135 8 5385
8 136 258
136 8 258
8 137 14756
137 8 14756
8 138 16816
138 8 16816
8 139 9714
139 8 9714
8 140 8238
140 8 8238
8 141 5379
141 8 5379
8 142 8424
142 8 8424
8 143 26591
143 8 26591
8 144 329
144 8 329
8 145 4910
145 8 4910
8 146 27328
146 8 27328
8 147 10504
147 8 10504
8 148 16325
148 8 16325
8 149 12100
149 8 12100
9 10 5867
10 9 5867
9 11 20041
11 9 20041
9 12 33501
12 9 33501
9 13 23796
13 9 23796
9 14 22095
14 9 22095
9 15 21497
15 9 21497
9 16 29577
16 9 29577
9 17 3471
17 9 3471
9 18 30445
18 9 30445
9 19 23447
19 9 23447
9 20 25151
20 9 25151
9 21 16070
21 9 16070
9 22 1192
22 9 1192
9 23 24111
23 9 24111
9 24 22028
24 9 22028
9 25 14117
25 9 14117
9 26 23564
26 9 23564
9 27 5207
27 9 5207
9 28 304
28 9 304
9 29 26317
29 9 26317
9 30 9383
30 9 9383
9 31 7491
31 9 7491
9 32 3433
32 9 3433
9 33 807
33 9 807
9 34 25097
34 9 25097
9 35 20686
35 9 20686
9 36 22866
36 9 22866
9 37 23037
37 9 23037
9 38 12825
38 9 12825
9 39 7318
39 9 7318
9 40 22382
40 9 22382
9 41 25165
41 9 25165
9 42 583
42 9 583
9 43 5863
43 9 5863
9 44 13020
44 9 13020
9 45 15162
45 9 15162
9 46 25357
46 9 25357
9 47 16795
47 9 16795
9 48 2723
48 9 2723
9 49 6441
49 9 6441
9 50 26206
50 9 26206
9 51 23970
51 9 23970
9 52 15450
52 9 15450
9 53 26992
53 9 26992
9 54 9443
54 9 9443
9 55 8732
55 9 8732
9 56 7217
56 9 7217
9 57 18345
57 9 18345
9 58 11730
58 9 11730
9 59 20604
59 9 20604
9 60 14017
60 9 14017
9 61 30829
61 9 30829
9 62 17665
62 9 17665
9 63 7857
63 9 7857
9 64 5450
64 9 5450
9 65 4709
65 9 4709
9 66 1691
66 9 1691
9 67 33483
67 9 33483
9 68 21084
68 9 21084
9 69 15987
69 9 15987
9 70 23122
70 9 23122
9 71 20472
71 9 20472
9 72 5705
72 9 5705
9 73 8726
73 9 8726
9 74 19064
74 9 19064
9 75 585
75 9 585
9 76 29149
76 9 29149
9 77 12545
77 9 12545
9 78 24806
78 9 24806
9 79 15535
79 9 15535
9 80 16706
80 9 16706
9 81 25123
81 9 25123
9 82 27361
82 9 27361
9 83 21601
83 9 21601
9 84 334
84 9 334
9 85 27674
85 9 27674
9 86 28007
86 9 28007
9 87 30150
87 9 30150
9 88 16821
88 9 16821
9 89 21913
89 9 21913
9 90 4529
90 9 4529
9 91 10588
91 9 10588
9 92 6678
92 9 6678
9 93 3665
93 9 3665
9 94 17638
94 9 17638
9 95 24735
95 9 24735
9 96 32560
96 9 32560
9 97 5114
97 9 5114
9 98 8366
98 9 8366
9 99 28397
99 9 28397
9 100 6800
100 9 6800
9 101 24525
101 9 24525
9 102 525
102 9 525
9 103 23997
103 9 23997
9 104 28186
104 9 28186
9 105 573
105 9 573
9 106 3043
106 9 3043
9 107 3315
107 9 3315
9 108 26999
108 9 26999
9 109 6384
109 9 6384
9 110 6934
110 9 6934
9 111 16244
111 9 16244
9 112 31784
112 9 31784
9 113 29871
113 9 29871
9 114 121
114 9 121
9 115 21387
115 9 21387
9 116 13482
116 9 13482
9 117 4091
117 9 4091
9 118 23293
118 9 23293
9 119 3235
119 9 3235
9 120 20529
120 9 20529
9 121 13719
121 9 13719
9 122 10949
122 9 10949
9 123 31396
123 9 31396
9 124 12103
124 9 12103
9 125 33469
125 9 33469
9 126 7058
126 9 7058
9 127 445
127 9 445
9 128 25396
128 9 25396
9 129 935
129 9 935
9 130 12288
130 9 12288
9 131 17288
131 9 17288
9 132 8618
132 9 8618
9 133 5520
133 9 5520
9 134 15725
134 9 15725
9 135 17885
135 9 17885
9 136 12454
136 9 12454
9 137 31822
137 9 31822
9 138 12882
138 9 12882
9 139 9416
139 9 9416
9 140 20929
140 9 20929
9 141 26661
141 9 26661
9 142 11089
142 9 11089
9 143 30758
143 9 30758
9 144 33422
144 9 33422
9 145 7887
145 9 7887
9 146 5841
146 9 5841
9 147 27892
147 9 27892
9 148 13693
148 9 13693
9 149 11398
149 9 11398
10 11 25242
11 10 25242
10 12 11429
12 10 11429
10 13 12889
13 10 12889
10 14 32322
14 10 32322
10 15 14558
15 10 14558
10 16 29011
16 10 29011
10 17 11972
17 10 11972
10 18 10981
18 10 10981
10 19 19226
19 10 19226
10 20 8348
20 10 8348
10 21 29316
21 10 29316
10 22 32126
22 10 32126
10 23 3597
23 10 3597
10 24 32227
24 10 32227
10 25 17028
25 10 17028
10 26 10238
26 10 10238
10 27 30405
27 10 30405
10 28 605
28 10 605
10 29 7289
29 10 7289
10 30 10416
30 10 10416
10 31 15399
31 10 15399
10 32 9012
32 10 9012
10 33 18245
33 10 18245
10 34 8327
34 10 8327
10 35 2490
35 10 2490
10 36 1099
36 10 1099
10 37 27007
37 10 27007
10 38 14599
38 10 14599
10 39 31025
39 10 31025
10 40 8381
40 10 8381
10 41 21352
41 10 21352
10 42 21201
42 10 21201
10 43 11460
43 10 11460
10 44 17359
44 10 17359
10 45 22309
45 10 22309
10 46 6120
46 10 6120
10 47 29400
47 10 29400
10 48 16333
48 10 16333
10 49 27221
49 10 27221
10 50 3296
50 10 3296
10 51 14251
51 10 14251
10 52 11626
52 10 11626
10 53 23928
53 10 23928
10 54 16058
54 10 16058
10 55 23072
55 10 23072
10 56 27029
56 10 27029
10 57 11598
57 10 11598
10 58 2144
58 10 2144
10 59 3078
59 10 3078
10 60 27526
60 10 27526
10 61 19171
61 10 19171
10 62 21729
62 10 21729
10 63 3452
63 10 3452
10 64 19916
64 10 19916
10 65 26021
65 10 26021
10 66 7312
66 10 7312
10 67 16417
67 10 16417
10 68 2289
68 10 2289
10 69 9715
69 10 9715
10 70 15992
70 10 15992
10 71 23149
71 10 23149
10 72 30023
72 10 30023
10 73 29825
73 10 29825
10 74 27976
74 10 27976
10 75 16253
75 10 16253
10 76 30987
76 10 30987
10 77 16290
77 10 16290
10 78 26969
78 10 26969
10 79 3436
79 10 3436
10 80 25561
80 10 25561
10 81 13200
81 10 13200
10 82 11104
82 10 11104
10 83 2680
83 10 2680
10 84 12774
84 10 12774
10 85 29267
85 10 29267
10 86 27245
86 10 27245
10 87 22375
87 10 22375
10 88 27240
88 10 27240
10 89 2091
89 10 2091
10 90 10636
90 10 10636
10 91 32564
91 10 32564
10 92 9061
92 10 9061
10 93 18827
93 10 18827
10 94 1657
94 10 1657
10 95 5738
95 10 5738
10 96 21410
96 10 21410
10 97 16424
97 10 16424
10 98 9246
98 10 9246
10 99 1846
99 10 1846
10 100 19795
100 10 19795
10 101 18972
101 10 18972
10 102 30526
102 10 30526
10 103 1447
103 10 1447
10 104 19203
104 10 19203
10 105 16449
105 10 16449
10 106 15763
106 10 15763
10 107 14372
107 10 14372
10 108 23742
108 10 23742
10 109 13127
109 10 13127
10 110 16836
110 10 16836
10 111 23846
111 10 23846
10 112 16484
112 10 16484
10 113 22749
113 10 22749
10 114 7418
114 10 7418
10 115 24487
115 10 24487
10 116 21087
116 10 21087
10 117 22175
117 10 22175
10 118 25667
118 10 25667
10 119 13508
119 10 13508
10 120 13781
120 10 13781
10 121 3667
121 10 3667
10 122 23115
122 10 23115
10 123 16552
123 10 16552
10 124 7517
124 10 7517
10 125 23702
125 10 23702
10 126 13115
126 10 13115
10 127 714
127 10 714
10 128 9795
128 10 9795
10 129 26026
129 10 26026
10 130 25239
130 10 25239
10 131 565
131 10 565
10 132 24035
132 10 24035
10 133 14637
133 10 14637
10 134 18243
134 10 18243
10 135 9159
135 10 9159
10 136 4642
136 10 4642
10 137 3569
137 10 3569
10 138 12904
138 10 12904
10 139 27503
139 10 27503
10 140 6067
140 10 6067
10 141 12062
141 10 12062
10 142 31945
142 10 31945
10 143 21012
143 10 21012
10 144 8770
144 10 8770
10 145 18347
145 10 18347
10 146 3517
146 10 3517
10 147 2008
147 10 2008
10 148 4822
148 10 4822
10 149 26705
149 10 26705
11 12 23585
12 11 23585
11 13 13537
13 11 13537
11 14 6442
14 11 6442
11 15 31634
15 11 31634
11 16 2846
16 11 2846
11 17 2829
17 11 2829
11 18 5559
18 11 5559
11 19 28259
19 11 28259
11 20 29574
20 11 29574
11 21 21702
21 11 21702
11 22 33459
22 11 33459
11 23 17437
23 11 17437
11 24 12145
24 11 12145
11 25 6740
25 11 6740
11 26 30947
26 11 30947
11 27 23576
27 11 23576
11 28 17206
28 11 17206
11 29 19796
29 11 19796
11 30 13772
30 11 13772
11 31 24843
31 11 24843
11 32 6352
32 11 6352
11 33 234
33 11 234
11 34 17599
34 11 17599
11 35 4367
35 11 4367
11 36 7033
36 11 7033
11 37 458
37 11 458
11 38 20001
38 11 20001
11 39 6286
39 11 6286
11 40 28980
40 11 28980
11 41 17438
41 11 17438
11 42 16859
42 11 16859
11 43 28665
43 11 28665
11 44 4257
44 11 4257
11 45 5061
45 11 5061
11 46 404
46 11 404
11 47 29613
47 11 29613
11 48 17140
48 11 17140
11 49 22492
49 11 22492
11 50 30305
50 11 30305
11 51 14098
51 11 14098
11 52 26024
52 11 26024
11 53 6877
53 11 6877
11 54 2496
54 11 2496
11 55 15428
55 11 15428
11 56 24104
56 11 24104
11 57 31933
57 11 31933
11 58 14365
58 11 14365
11 59 20433
59 11 20433
11 60 18322
60 11 18322
11 61 26348
61 11 26348
11 62 7088
62 11 7088
11 63 25700
63 11 25700
11 64 28155
64 11 28155
11 65 21039
65 11 21039
11 66 19163
66 11 19163
11 67 21224
67 11 21224
11 68 5887
68 11 5887
11 69 6904
69 11 6904
11 70 7517
70 11 7517
11 71 22896
71 11 22896
11 72 26858
72 11 26858
11 73 13095
73 11 13095
11 74 9135
74 11 9135
11 75 21985
75 11 21985
11 76 23589
76 11 23589
11 77 7467
77 11 7467
11 78 2635
78 11 2635
11 79 30731
79 11 30731
11 80 32657
80 11 32657
11 81 27182
81 11 27182
11 82 8083
82 11 8083
11 83 27169
83 11 27169
11 84 2728
84 11 2728
11 85 8190
85 11 8190
11 86 187
86 11 187
11 87 2696
87 11 2696
11 88 10567
88 11 10567
11 89 4498
89 11 4498
11 90 327
90 11 327
11 91 15203
91 11 15203
11 92 25107
92 11 25107
11 93 14146
93 11 14146
11 94 22464
94 11 22464
11 95 2545
95 11 2545
11 96 7254
96 11 7254
11 97 23671
97 11 23671
11 98 30961
98 11 30961
11 99 7419
99 11 7419
11 100 14604
100 11 14604
11 101 11972
101 11 11972
11 102 16222
102 11 16222
11 103 8510
103 11 8510
11 104 6176
104 11 6176
11 105 7164
105 11 7164
11 106 23527
106 11 23527
11 107 31172
107 11 31172
11 108 13902
108 11 13902
11 109 10771
109 11 10771
11 110 2447
110 11 2447
11 111 19248
111 11 19248
11 112 13296
112 11 13296
11 113 10080
113 11 10080
11 114 33402
114 11 33402
11 115 10075
115 11 10075
11 116 7274
116 11 7274
11 117 18073
117 11 18073
11 118 20539
118 11 20539
11 119 25453
119 11 25453
11 120 25187
120 11 25187
11 121 13161
121 11 13161
11 122 21380
122 11 21380
11 123 25151
123 11 25151
11 124 22862
124 11 22862
11 125 25954
125 11 25954
11 126 2863
126 11 2863
11 127 17110
127 11 17110
11 128 2075
128 11 2075
11 129 21385
129 11 21385
11 130 352
130 11 352
11 131 27888
131 11 27888
11 132 14788
132 11 14788
11 133 23534
133 11 23534
11 134 5837
134 11 5837
11 135 25535
135 11 25535
11 136 25910
136 11 25910
11 137 9155
137 11 9155
11 138 12025
138 11 12025
11 139 6888
139 11 6888
11 140 25956
140 11 25956
11 141 27303
141 11 27303
11 142 8680
142 11 8680
11 143 33167
143 11 33167
11 144 9172
144 11 9172
11 145 12802
145 11 12802
11 146 18203
146 11 18203
11 147 4857
147 11 4857
11 148 25235
148 11 25235
11 149 27741
149 11 27741
12 13 23917
13 12 23917
12 14 12489
14 12 12489
12 15 21654
15 12 21654
12 16 25538
16 12 25538
12 17 20605
17 12 20605
12 18 27127
18 12 27127
12 19 12259
19 12 12259
12 20 31244
20 12 31244
12 21 3126
21 12 3126
12 22 29083
22 12 29083
12 23 25263
23 12 25263
12 24 2518
24 12 2518
12 25 28273
25 12 28273
12 26 10485
26 12 10485
12 27 2298
27 12 2298
12 28 6535
28 12 6535
12 29 20755
29 12 20755
12 30 27762
30 12 27762
12 31 31089
31 12 31089
12 32 12127
32 12 12127
12 33 28544
33 12 28544
12 34 31109
34 12 31109
12 35 9539
35 12 9539
12 36 18633
36 12 18633
12 37 17323
37 12 17323
12 38 23383
38 12 23383
12 39 17455
39 12 17455
12 40 23395
40 12 23395
12 41 24331
41 12 24331
12 42 26594
42 12 26594
12 43 10179
43 12 10179
12 44 24321
44 12 24321
12 45 32847
45 12 32847
12 46 10720
46 12 10720
12 47 7241
47 12 7241
12 48 9116
48 12 9116
12 49 2920
49 12 2920
12 50 18478
50 12 18478
12 51 19332
51 12 19332
12 52 28647
52 12 28647
12 53 18708
53 12 18708
12 54 8228
54 12 8228
12 55 6677
55 12 6677
12 56 28205
56 12 28205
12 57 13136
57 12 13136
12 58 2585
58 12 2585
12 59 7306
59 12 7306
12 60 26666
60 12 26666
12 61 9956
61 12 9956
12 62 15183
62 12 15183
12 63 17985
63 12 17985
12 64 2418
64 12 2418
12 65 29328
65 12 29328
12 66 19272
66 12 19272
12 67 18519
67 12 18519
12 68 5284
68 12 5284
12 69 21433
69 12 21433
12 70 16306
70 12 16306
12 71 20411
71 12 20411
12 72 6804
72 12 6804
12 73 14971
73 12 14971
12 74 392
74 12 392
12 75 25133
75 12 25133
12 76 20703
76 12 20703
12 77 18069
77 12 18069
12 78 2667
78 12 2667
12 79 30636
79 12 30636
12 80 423
80 12 423
12 81 23710
81 12 23710
12 82 27734
82 12 27734
