100 9900
0 1 2278
1 0 2278
0 2 13501
2 0 13501
0 3 611
3 0 611
0 4 2064
4 0 2064
0 5 773
5 0 773
0 6 38
6 0 38
0 7 9560
7 0 9560
0 8 3553
8 0 3553
0 9 3316
9 0 3316
0 10 9193
10 0 9193
0 11 461
11 0 461
0 12 12514
12 0 12514
0 13 113
13 0 113
0 14 4473
14 0 4473
0 15 11171
15 0 11171
0 16 1388
16 0 1388
0 17 6901
17 0 6901
0 18 738
18 0 738
0 19 396
19 0 396
0 20 2356
20 0 2356
0 21 1866
21 0 1866
0 22 8756
22 0 8756
0 23 3874
23 0 3874
0 24 1316
24 0 1316
0 25 13146
25 0 13146
0 26 13345
26 0 13345
0 27 5150
27 0 5150
0 28 9940
28 0 9940
0 29 2216
29 0 2216
0 30 10598
30 0 10598
0 31 6033
31 0 6033
0 32 7460
32 0 7460
0 33 13267
33 0 13267
0 34 9108
34 0 9108
0 35 1257
35 0 1257
0 36 125
36 0 125
0 37 14317
37 0 14317
0 38 3675
38 0 3675
0 39 185
39 0 185
0 40 3221
40 0 3221
0 41 12729
41 0 12729
0 42 13424
42 0 13424
0 43 4044
43 0 4044
0 44 51
44 0 51
0 45 10266
45 0 10266
0 46 14758
46 0 14758
0 47 13514
47 0 13514
0 48 7868
48 0 7868
0 49 3560
49 0 3560
0 50 6589
50 0 6589
0 51 14133
51 0 14133
0 52 2470
52 0 2470
0 53 1408
53 0 1408
0 54 5193
54 0 5193
0 55 6610
55 0 6610
0 56 11903
56 0 11903
0 57 892
57 0 892
0 58 4045
58 0 4045
0 59 2827
59 0 2827
0 60 4961
60 0 4961
0 61 879
61 0 879
0 62 5034
62 0 5034
0 63 3983
63 0 3983
0 64 4863
64 0 4863
0 65 7078
65 0 7078
0 66 9369
66 0 9369
0 67 5551
67 0 5551
0 68 945
68 0 945
0 69 11871
69 0 11871
0 70 6372
70 0 6372
0 71 10888
71 0 10888
0 72 1561
72 0 1561
0 73 13336
73 0 13336
0 74 14537
74 0 14537
0 75 13298
75 0 13298
0 76 3947
76 0 3947
0 77 11645
77 0 11645
0 78 9291
78 0 9291
0 79 2843
79 0 2843
0 80 14732
80 0 14732
0 81 8077
81 0 8077
0 82 13842
82 0 13842
0 83 4949
83 0 4949
0 84 10816
84 0 10816
0 85 2996
85 0 2996
0 86 4033
86 0 4033
0 87 5621
87 0 5621
0 88 9976
88 0 9976
0 89 9765
89 0 9765
0 90 2636
90 0 2636
0 91 8759
91 0 8759
0 92 11003
92 0 11003
0 93 4436
93 0 4436
0 94 5717
94 0 5717
0 95 3904
95 0 3904
0 96 412
96 0 412
0 97 13988
97 0 13988
0 98 13242
98 0 13242
0 99 5401
99 0 5401
1 2 1401
2 1 1401
1 3 3348
3 1 3348
1 4 163
4 1 163
1 5 6856
5 1 6856
1 6 7036
6 1 7036
1 7 5343
7 1 5343
1 8 12467
8 1 12467
1 9 765
9 1 765
1 10 13555
10 1 13555
1 11 5758
11 1 5758
1 12 7142
12 1 7142
1 13 10840
13 1 10840
1 14 3878
14 1 3878
1 15 2633
15 1 2633
1 16 3052
16 1 3052
1 17 9063
17 1 9063
1 18 11621
18 1 11621
1 19 14092
19 1 14092
1 20 13618
20 1 13618
1 21 3994
21 1 3994
1 22 7411
22 1 7411
1 23 4247
23 1 4247
1 24 5137
24 1 5137
1 25 4129
25 1 4129
1 26 391
26 1 391
1 27 5969
27 1 5969
1 28 8275
28 1 8275
1 29 2853
29 1 2853
1 30 1193
30 1 1193
1 31 9314
31 1 9314
1 32 3695
32 1 3695
1 33 13163
33 1 13163
1 34 8125
34 1 8125
1 35 205
35 1 205
1 36 2897
36 1 2897
1 37 4955
37 1 4955
1 38 13185
38 1 13185
1 39 12683
39 1 12683
1 40 8511
40 1 8511
1 41 13552
41 1 13552
1 42 6904
42 1 6904
1 43 10613
43 1 10613
1 44 4604
44 1 4604
1 45 2853
45 1 2853
1 46 12221
46 1 12221
1 47 14214
47 1 14214
1 48 11704
48 1 11704
1 49 8669
49 1 8669
1 50 1424
50 1 1424
1 51 11655
51 1 11655
1 52 5975
52 1 5975
1 53 3144
53 1 3144
1 54 12121
54 1 12121
1 55 11377
55 1 11377
1 56 7773
56 1 7773
1 57 8270
57 1 8270
1 58 1560
58 1 1560
1 59 41
59 1 41
1 60 5
60 1 5
1 61 1497
61 1 1497
1 62 2791
62 1 2791
1 63 6811
63 1 6811
1 64 110
64 1 110
1 65 963
65 1 963
1 66 2551
66 1 2551
1 67 14839
67 1 14839
1 68 472
68 1 472
1 69 9127
69 1 9127
1 70 2100
70 1 2100
1 71 3039
71 1 3039
1 72 8592
72 1 8592
1 73 5796
73 1 5796
1 74 3349
74 1 3349
1 75 7636
75 1 7636
1 76 6380
76 1 6380
1 77 12579
77 1 12579
1 78 12360
78 1 12360
1 79 12548
79 1 12548
1 80 4552
80 1 4552
1 81 8852
81 1 8852
1 82 14665
82 1 14665
1 83 8335
83 1 8335
1 84 12581
84 1 12581
1 85 3083
85 1 3083
1 86 2425
86 1 2425
1 87 7146
87 1 7146
1 88 1517
88 1 1517
1 89 14050
89 1 14050
1 90 3710
90 1 3710
1 91 11755
91 1 11755
1 92 5163
92 1 5163
1 93 12313
93 1 12313
1 94 3687
94 1 3687
1 95 485
95 1 485
1 96 13714
96 1 13714
1 97 11730
97 1 11730
1 98 14512
98 1 14512
1 99 1935
99 1 1935
2 3 7099
3 2 7099
2 4 1539
4 2 1539
2 5 9339
5 2 9339
2 6 9737
6 2 9737
2 7 1341
7 2 1341
2 8 12933
8 2 12933
2 9 6511
9 2 6511
2 10 5142
10 2 5142
2 11 13020
11 2 13020
2 12 6098
12 2 6098
2 13 2582
13 2 2582
2 14 10253
14 2 10253
2 15 1227
15 2 1227
2 16 14834
16 2 14834
2 17 11736
17 2 11736
2 18 7511
18 2 7511
2 19 11615
19 2 11615
2 20 967
20 2 967
2 21 5595
21 2 5595
2 22 2698
22 2 2698
2 23 11043
23 2 11043
2 24 8664
24 2 8664
2 25 9047
25 2 9047
2 26 6614
26 2 6614
2 27 11251
27 2 11251
2 28 2879
28 2 2879
2 29 11426
29 2 11426
2 30 6583
30 2 6583
2 31 2959
31 2 2959
2 32 5489
32 2 5489
2 33 12463
33 2 12463
2 34 5366
34 2 5366
2 35 8387
35 2 8387
2 36 12993
36 2 12993
2 37 2184
37 2 2184
2 38 2908
38 2 2908
2 39 288
39 2 288
2 40 10215
40 2 10215
2 41 11361
41 2 11361
2 42 5990
42 2 5990
2 43 7957
43 2 7957
2 44 8490
44 2 8490
2 45 14111
45 2 14111
2 46 11024
46 2 11024
2 47 8339
47 2 8339
2 48 10906
48 2 10906
2 49 892
49 2 892
2 50 8149
50 2 8149
2 51 9033
51 2 9033
2 52 3084
52 2 3084
2 53 10427
53 2 10427
2 54 4796
54 2 4796
2 55 14458
55 2 14458
2 56 7225
56 2 7225
2 57 2895
57 2 2895
2 58 11150
58 2 11150
2 59 4513
59 2 4513
2 60 6835
60 2 6835
2 61 6386
61 2 6386
2 62 5521
62 2 5521
2 63 7965
63 2 7965
2 64 6444
64 2 6444
2 65 8250
65 2 8250
2 66 9502
66 2 9502
2 67 10619
67 2 10619
2 68 11375
68 2 11375
2 69 8423
69 2 8423
2 70 3141
70 2 3141
2 71 9306
71 2 9306
2 72 4363
72 2 4363
2 73 12099
73 2 12099
2 74 8257
74 2 8257
2 75 5334
75 2 5334
2 76 11617
76 2 11617
2 77 1249
77 2 1249
2 78 708
78 2 708
2 79 19
79 2 19
2 80 1359
80 2 1359
2 81 26
81 2 26
2 82 2745
82 2 2745
2 83 14058
83 2 14058
2 84 10725
84 2 10725
2 85 3194
85 2 3194
2 86 7712
86 2 7712
2 87 10873
87 2 10873
2 88 6073
88 2 6073
2 89 7962
89 2 7962
2 90 3193
90 2 3193
2 91 8922
91 2 8922
2 92 4587
92 2 4587
2 93 853
93 2 853
2 94 9041
94 2 9041
2 95 7591
95 2 7591
2 96 4493
96 2 4493
2 97 14131
97 2 14131
2 98 14830
98 2 14830
2 99 2633
99 2 2633
3 4 12015
4 3 12015
3 5 5595
5 3 5595
3 6 10416
6 3 10416
3 7 3829
7 3 3829
3 8 8273
8 3 8273
3 9 7606
9 3 7606
3 10 2885
10 3 2885
3 11 13508
11 3 13508
3 12 4335
12 3 4335
3 13 8702
13 3 8702
3 14 12301
14 3 12301
3 15 3522
15 3 3522
3 16 5042
16 3 5042
3 17 13000
17 3 13000
3 18 11851
18 3 11851
3 19 8302
19 3 8302
3 20 6369
20 3 6369
3 21 5438
21 3 5438
3 22 3608
22 3 3608
3 23 9761
23 3 9761
3 24 4360
24 3 4360
3 25 4222
25 3 4222
3 26 14780
26 3 14780
3 27 12235
27 3 12235
3 28 1535
28 3 1535
3 29 279
29 3 279
3 30 6625
30 3 6625
3 31 57
31 3 57
3 32 4344
32 3 4344
3 33 5793
33 3 5793
3 34 10199
34 3 10199
3 35 10450
35 3 10450
3 36 6894
36 3 6894
3 37 4482
37 3 4482
3 38 2583
38 3 2583
3 39 3476
39 3 3476
3 40 544
40 3 544
3 41 1858
41 3 1858
3 42 3997
42 3 3997
3 43 523
43 3 523
3 44 3100
44 3 3100
3 45 5238
45 3 5238
3 46 13594
46 3 13594
3 47 12076
47 3 12076
3 48 2401
48 3 2401
3 49 11341
49 3 11341
3 50 8389
50 3 8389
3 51 9130
51 3 9130
3 52 9082
52 3 9082
3 53 7637
53 3 7637
3 54 8581
54 3 8581
3 55 1220
55 3 1220
3 56 6338
56 3 6338
3 57 5154
57 3 5154
3 58 2376
58 3 2376
3 59 13979
59 3 13979
3 60 5643
60 3 5643
3 61 7906
61 3 7906
3 62 10824
62 3 10824
3 63 6428
63 3 6428
3 64 8913
64 3 8913
3 65 1399
65 3 1399
3 66 1884
66 3 1884
3 67 4710
67 3 4710
3 68 4982
68 3 4982
3 69 8231
69 3 8231
3 70 14088
70 3 14088
3 71 8671
71 3 8671
3 72 12867
72 3 12867
3 73 5064
73 3 5064
3 74 6501
74 3 6501
3 75 1976
75 3 1976
3 76 8999
76 3 8999
3 77 9902
77 3 9902
3 78 14509
78 3 14509
3 79 12220
79 3 12220
3 80 7767
80 3 7767
3 81 4187
81 3 4187
3 82 4173
82 3 4173
3 83 655
83 3 655
3 84 2595
84 3 2595
3 85 12821
85 3 12821
3 86 14039
86 3 14039
3 87 4805
87 3 4805
3 88 6994
88 3 6994
3 89 6346
89 3 6346
3 90 5874
90 3 5874
3 91 3636
91 3 3636
3 92 10960
92 3 10960
3 93 14791
93 3 14791
3 94 9200
94 3 9200
3 95 8328
95 3 8328
3 96 1247
96 3 1247
3 97 13632
97 3 13632
3 98 6205
98 3 6205
3 99 14377
99 3 14377
4 5 7879
5 4 7879
4 6 6131
6 4 6131
4 7 1714
7 4 1714
4 8 3506
8 4 3506
4 9 8866
9 4 8866
4 10 8717
10 4 8717
4 11 796
11 4 796
4 12 8540
12 4 8540
4 13 10045
13 4 10045
4 14 8230
14 4 8230
4 15 722
15 4 722
4 16 1583
16 4 1583
4 17 9312
17 4 9312
4 18 4210
18 4 4210
4 19 1857
19 4 1857
4 20 12431
20 4 12431
4 21 962
21 4 962
4 22 13820
22 4 13820
4 23 13533
23 4 13533
4 24 10094
24 4 10094
4 25 7205
25 4 7205
4 26 9839
26 4 9839
4 27 10187
27 4 10187
4 28 801
28 4 801
4 29 5085
29 4 5085
4 30 2852
30 4 2852
4 31 8211
31 4 8211
4 32 11047
32 4 11047
4 33 14125
33 4 14125
4 34 7481
34 4 7481
4 35 70
35 4 70
4 36 10169
36 4 10169
4 37 3958
37 4 3958
4 38 13738
38 4 13738
4 39 7027
39 4 7027
4 40 1148
40 4 1148
4 41 6425
41 4 6425
4 42 1399
42 4 1399
4 43 4691
43 4 4691
4 44 13542
44 4 13542
4 45 14183
45 4 14183
4 46 5239
46 4 5239
4 47 14058
47 4 14058
4 48 12330
48 4 12330
4 49 9271
49 4 9271
4 50 10109
50 4 10109
4 51 12228
51 4 12228
4 52 12651
52 4 12651
4 53 12072
53 4 12072
4 54 13523
54 4 13523
4 55 14140
55 4 14140
4 56 9395
56 4 9395
4 57 7551
57 4 7551
4 58 1248
58 4 1248
4 59 11396
59 4 11396
4 60 10821
60 4 10821
4 61 387
61 4 387
4 62 5185
62 4 5185
4 63 13288
63 4 13288
4 64 1440
64 4 1440
4 65 1944
65 4 1944
4 66 3121
66 4 3121
4 67 8552
67 4 8552
4 68 13079
68 4 13079
4 69 6565
69 4 6565
4 70 8871
70 4 8871
4 71 3018
71 4 3018
4 72 4991
72 4 4991
4 73 414
73 4 414
4 74 12727
74 4 12727
4 75 10563
75 4 10563
4 76 11427
76 4 11427
4 77 14382
77 4 14382
4 78 12444
78 4 12444
4 79 9203
79 4 9203
4 80 13396
80 4 13396
4 81 1992
81 4 1992
4 82 6970
82 4 6970
4 83 140
83 4 140
4 84 2230
84 4 2230
4 85 11304
85 4 11304
4 86 3874
86 4 3874
4 87 14678
87 4 14678
4 88 11120
88 4 11120
4 89 7268
89 4 7268
4 90 7921
90 4 7921
4 91 1916
91 4 1916
4 92 1151
92 4 1151
4 93 6319
93 4 6319
4 94 9572
94 4 9572
4 95 3458
95 4 3458
4 96 5835
96 4 5835
4 97 7144
97 4 7144
4 98 11261
98 4 11261
4 99 540
99 4 540
5 6 8921
6 5 8921
5 7 4282
7 5 4282
5 8 5711
8 5 5711
5 9 4881
9 5 4881
5 10 4543
10 5 4543
5 11 8381
11 5 8381
5 12 11558
12 5 11558
5 13 13560
13 5 13560
5 14 1582
14 5 1582
5 15 91
15 5 91
5 16 7310
16 5 7310
5 17 2197
17 5 2197
5 18 11869
18 5 11869
5 19 14243
19 5 14243
5 20 1849
20 5 1849
5 21 13518
21 5 13518
5 22 11214
22 5 11214
5 23 13524
23 5 13524
5 24 3587
24 5 3587
5 25 219
25 5 219
5 26 8365
26 5 8365
5 27 11177
27 5 11177
5 28 13857
28 5 13857
5 29 247
29 5 247
5 30 12680
30 5 12680
5 31 10934
31 5 10934
5 32 862
32 5 862
5 33 13687
33 5 13687
5 34 3413
34 5 3413
5 35 9108
35 5 9108
5 36 12831
36 5 12831
5 37 9884
37 5 9884
5 38 5274
38 5 5274
5 39 8024
39 5 8024
5 40 1393
40 5 1393
5 41 11758
41 5 11758
5 42 6592
42 5 6592
5 43 10958
43 5 10958
5 44 10872
44 5 10872
5 45 13229
45 5 13229
5 46 2064
46 5 2064
5 47 13572
47 5 13572
5 48 3897
48 5 3897
5 49 9699
49 5 9699
5 50 12486
50 5 12486
5 51 9441
51 5 9441
5 52 6197
52 5 6197
5 53 12205
53 5 12205
5 54 13763
54 5 13763
5 55 11391
55 5 11391
5 56 11013
56 5 11013
5 57 13190
57 5 13190
5 58 8296
58 5 8296
5 59 14343
59 5 14343
5 60 2115
60 5 2115
5 61 12592
61 5 12592
5 62 1226
62 5 1226
5 63 8549
63 5 8549
5 64 2334
64 5 2334
5 65 13564
65 5 13564
5 66 13948
66 5 13948
5 67 13179
67 5 13179
5 68 5294
68 5 5294
5 69 6805
69 5 6805
5 70 2331
70 5 2331
5 71 2319
71 5 2319
5 72 13036
72 5 13036
5 73 10441
73 5 10441
5 74 9170
74 5 9170
5 75 6232
75 5 6232
5 76 11312
76 5 11312
5 77 4018
77 5 4018
5 78 5365
78 5 5365
5 79 6704
79 5 6704
5 80 4681
80 5 4681
5 81 6502
81 5 6502
5 82 12939
82 5 12939
5 83 2652
83 5 2652
5 84 2169
84 5 2169
5 85 2427
85 5 2427
5 86 4926
86 5 4926
5 87 13296
87 5 13296
5 88 796
88 5 796
5 89 10988
89 5 10988
5 90 3775
90 5 3775
5 91 498
91 5 498
5 92 6514
92 5 6514
5 93 8367
93 5 8367
5 94 13603
94 5 13603
5 95 2933
95 5 2933
5 96 1633
96 5 1633
5 97 7484
97 5 7484
5 98 13590
98 5 13590
5 99 9501
99 5 9501
6 7 4250
7 6 4250
6 8 1647
8 6 1647
6 9 1840
9 6 1840
6 10 1001
10 6 1001
6 11 7888
11 6 7888
6 12 455
12 6 455
6 13 13546
13 6 13546
6 14 1707
14 6 1707
6 15 3665
15 6 3665
6 16 3102
16 6 3102
6 17 6182
17 6 6182
6 18 5438
18 6 5438
6 19 3622
19 6 3622
6 20 476
20 6 476
6 21 792
21 6 792
6 22 5342
22 6 5342
6 23 5417
23 6 5417
6 24 10540
24 6 10540
6 25 1060
25 6 1060
6 26 10325
26 6 10325
6 27 10029
27 6 10029
6 28 13309
28 6 13309
6 29 12437
29 6 12437
6 30 12298
30 6 12298
6 31 4913
31 6 4913
6 32 2560
32 6 2560
6 33 6123
33 6 6123
6 34 5056
34 6 5056
6 35 6514
35 6 6514
6 36 1584
36 6 1584
6 37 4001
37 6 4001
6 38 597
38 6 597
6 39 13276
39 6 13276
6 40 7249
40 6 7249
6 41 8427
41 6 8427
6 42 3331
42 6 3331
6 43 1820
43 6 1820
6 44 4497
44 6 4497
6 45 950
45 6 950
6 46 7644
46 6 7644
6 47 3183
47 6 3183
6 48 9914
48 6 9914
6 49 7693
49 6 7693
6 50 9195
50 6 9195
6 51 3323
51 6 3323
6 52 6315
52 6 6315
6 53 1491
53 6 1491
6 54 12045
54 6 12045
6 55 13770
55 6 13770
6 56 6064
56 6 6064
6 57 11527
57 6 11527
6 58 11837
58 6 11837
6 59 5544
59 6 5544
6 60 3241
60 6 3241
6 61 13532
61 6 13532
6 62 14322
62 6 14322
6 63 140
63 6 140
6 64 5064
64 6 5064
6 65 11316
65 6 11316
6 66 6621
66 6 6621
6 67 8769
67 6 8769
6 68 2124
68 6 2124
6 69 9625
69 6 9625
6 70 5150
70 6 5150
6 71 4812
71 6 4812
6 72 11822
72 6 11822
6 73 6055
73 6 6055
6 74 7685
74 6 7685
6 75 8214
75 6 8214
6 76 11766
76 6 11766
6 77 11533
77 6 11533
6 78 11634
78 6 11634
6 79 13078
79 6 13078
6 80 4084
80 6 4084
6 81 12244
81 6 12244
6 82 11129
82 6 11129
6 83 3670
83 6 3670
6 84 1673
84 6 1673
6 85 433
85 6 433
6 86 7603
86 6 7603
6 87 14432
87 6 14432
6 88 3637
88 6 3637
6 89 1594
89 6 1594
6 90 12800
90 6 12800
6 91 10646
91 6 10646
6 92 5791
92 6 5791
6 93 11557
93 6 11557
6 94 6911
94 6 6911
6 95 9456
95 6 9456
6 96 14060
96 6 14060
6 97 134
97 6 134
6 98 8651
98 6 8651
6 99 1728
99 6 1728
7 8 10374
8 7 10374
7 9 11946
9 7 11946
7 10 5034
10 7 5034
7 11 1195
11 7 1195
7 12 13488
12 7 13488
7 13 277
13 7 277
7 14 11837
14 7 11837
7 15 6810
15 7 6810
7 16 35
16 7 35
7 17 13590
17 7 13590
7 18 4312
18 7 4312
7 19 9365
19 7 9365
7 20 1087
20 7 1087
7 21 5795
21 7 5795
7 22 12004
22 7 12004
7 23 1721
23 7 1721
7 24 1343
24 7 1343
7 25 5004
25 7 5004
7 26 14633
26 7 14633
7 27 10582
27 7 10582
7 28 14308
28 7 14308
7 29 5189
29 7 5189
7 30 843
30 7 843
7 31 11888
31 7 11888
7 32 3974
32 7 3974
7 33 12294
33 7 12294
7 34 1315
34 7 1315
7 35 1429
35 7 1429
7 36 7927
36 7 7927
7 37 7165
37 7 7165
7 38 14048
38 7 14048
7 39 6625
39 7 6625
7 40 1338
40 7 1338
7 41 13776
41 7 13776
7 42 3977
42 7 3977
7 43 4533
43 7 4533
7 44 3525
44 7 3525
7 45 8449
45 7 8449
7 46 2572
46 7 2572
7 47 7433
47 7 7433
7 48 10246
48 7 10246
7 49 5540
49 7 5540
7 50 13419
50 7 13419
7 51 4704
51 7 4704
7 52 11022
52 7 11022
7 53 2552
53 7 2552
7 54 12924
54 7 12924
7 55 11853
55 7 11853
7 56 1211
56 7 1211
7 57 2404
57 7 2404
7 58 8581
58 7 8581
7 59 7158
59 7 7158
7 60 5143
60 7 5143
7 61 2904
61 7 2904
7 62 5390
62 7 5390
7 63 4033
63 7 4033
7 64 14614
64 7 14614
7 65 10272
65 7 10272
7 66 6638
66 7 6638
7 67 1905
67 7 1905
7 68 217
68 7 217
7 69 13069
69 7 13069
7 70 7341
70 7 7341
7 71 7961
71 7 7961
7 72 734
72 7 734
7 73 8059
73 7 8059
7 74 12056
74 7 12056
7 75 8736
75 7 8736
7 76 7702
76 7 7702
7 77 11432
77 7 11432
7 78 4494
78 7 4494
7 79 7407
79 7 7407
7 80 4457
80 7 4457
7 81 8869
81 7 8869
7 82 1936
82 7 1936
7 83 35
83 7 35
7 84 12983
84 7 12983
7 85 2431
85 7 2431
7 86 2583
86 7 2583
7 87 13352
87 7 13352
7 88 5968
88 7 5968
7 89 7017
89 7 7017
7 90 1307
90 7 1307
7 91 5736
91 7 5736
7 92 4546
92 7 4546
7 93 3674
93 7 3674
7 94 596
94 7 596
7 95 14378
95 7 14378
7 96 12145
96 7 12145
7 97 11587
97 7 11587
7 98 10443
98 7 10443
7 99 7595
99 7 7595
8 9 1516
9 8 1516
8 10 102
10 8 102
8 11 2131
11 8 2131
8 12 13531
12 8 13531
8 13 10800
13 8 10800
8 14 5283
14 8 5283
8 15 7910
15 8 7910
8 16 2668
16 8 2668
8 17 12409
17 8 12409
8 18 4693
18 8 4693
8 19 7172
19 8 7172
8 20 2693
20 8 2693
8 21 12915
21 8 12915
8 22 8509
22 8 8509
8 23 6896
23 8 6896
8 24 8713
24 8 8713
8 25 3332
25 8 3332
8 26 13903
26 8 13903
8 27 1063
27 8 1063
8 28 5559
28 8 5559
8 29 2444
29 8 2444
8 30 3267
30 8 3267
8 31 3003
31 8 3003
8 32 8743
32 8 8743
8 33 13485
33 8 13485
8 34 13674
34 8 13674
8 35 9364
35 8 9364
8 36 7019
36 8 7019
8 37 14515
37 8 14515
8 38 5445
38 8 5445
8 39 2402
39 8 2402
8 40 12742
40 8 12742
8 41 6377
41 8 6377
8 42 8030
42 8 8030
8 43 7158
43 8 7158
8 44 3833
44 8 3833
8 45 13413
45 8 13413
8 46 14157
46 8 14157
8 47 3810
47 8 3810
8 48 7060
48 8 7060
8 49 4453
49 8 4453
8 50 6864
50 8 6864
8 51 11591
51 8 11591
8 52 1319
52 8 1319
8 53 2819
53 8 2819
8 54 7353
54 8 7353
8 55 13230
55 8 13230
8 56 1904
56 8 1904
8 57 1402
57 8 1402
8 58 8970
58 8 8970
8 59 748
59 8 748
8 60 4830
60 8 4830
8 61 4440
61 8 4440
8 62 6425
62 8 6425
8 63 14336
63 8 14336
8 64 1706
64 8 1706
8 65 14605
65 8 14605
8 66 6049
66 8 6049
8 67 5261
67 8 5261
8 68 12242
68 8 12242
8 69 1230
69 8 1230
8 70 12247
70 8 12247
8 71 11686
71 8 11686
8 72 11845
72 8 11845
8 73 3673
73 8 3673
8 74 8793
74 8 8793
8 75 7514
75 8 7514
8 76 11296
76 8 11296
8 77 14421
77 8 14421
8 78 12186
78 8 12186
8 79 4087
79 8 4087
8 80 8744
80 8 8744
8 81 13653
81 8 13653
8 82 4586
82 8 4586
8 83 7987
83 8 7987
8 84 13059
84 8 13059
8 85 11954
85 8 11954
8 86 13955
86 8 13955
8 87 2690
87 8 2690
8 88 11906
88 8 11906
8 89 11868
89 8 11868
8 90 7533
90 8 7533
8 91 3583
91 8 3583
8 92 6197
92 8 6197
8 93 12369
93 8 12369
8 94 10816
94 8 10816
8 95 8852
95 8 8852
8 96 8848
96 8 8848
8 97 3820
97 8 3820
8 98 4847
98 8 4847
8 99 2735
99 8 2735
9 10 11300
10 9 11300
9 11 14152
11 9 14152
9 12 2825
12 9 2825
9 13 10124
13 9 10124
9 14 13963
14 9 13963
9 15 8329
15 9 8329
9 16 10581
16 9 10581
9 17 910
17 9 910
9 18 13018
18 9 13018
9 19 10520
19 9 10520
9 20 11286
20 9 11286
9 21 816
21 9 816
9 22 549
22 9 549
9 23 7786
23 9 7786
9 24 10335
24 9 10335
9 25 340
25 9 340
9 26 1840
26 9 1840
9 27 11574
27 9 11574
9 28 3445
28 9 3445
9 29 1936
29 9 1936
9 30 11334
30 9 11334
9 31 256
31 9 256
9 32 6647
32 9 6647
9 33 9024
33 9 9024
9 34 4714
34 9 4714
9 35 5400
35 9 5400
9 36 5520
36 9 5520
9 37 6556
37 9 6556
9 38 13749
38 9 13749
9 39 3991
39 9 3991
9 40 7949
40 9 7949
9 41 10931
41 9 10931
9 42 9339
42 9 9339
9 43 6514
43 9 6514
9 44 12006
44 9 12006
9 45 12033
45 9 12033
9 46 10514
46 9 10514
9 47 4711
47 9 4711
9 48 6173
48 9 6173
9 49 884
49 9 884
9 50 8143
50 9 8143
9 51 5617
51 9 5617
9 52 6046
52 9 6046
9 53 7430
53 9 7430
9 54 7311
54 9 7311
9 55 9249
55 9 9249
9 56 5899
56 9 5899
9 57 7580
57 9 7580
9 58 4566
58 9 4566
9 59 5765
59 9 5765
9 60 1539
60 9 1539
9 61 9681
61 9 9681
9 62 451
62 9 451
9 63 8979
63 9 8979
9 64 985
64 9 985
9 65 9900
65 9 9900
9 66 9128
66 9 9128
9 67 6125
67 9 6125
9 68 6839
68 9 6839
9 69 1561
69 9 1561
9 70 13729
70 9 13729
9 71 11501
71 9 11501
9 72 11911
72 9 11911
9 73 10700
73 9 10700
9 74 3546
74 9 3546
9 75 10971
75 9 10971
9 76 8819
76 9 8819
9 77 13030
77 9 13030
9 78 7697
78 9 7697
9 79 3929
79 9 3929
9 80 1759
80 9 1759
9 81 1651
81 9 1651
9 82 2779
82 9 2779
9 83 11302
83 9 11302
9 84 1268
84 9 1268
9 85 1926
85 9 1926
9 86 14690
86 9 14690
9 87 7189
87 9 7189
9 88 7290
88 9 7290
9 89 13715
89 9 13715
9 90 10470
90 9 10470
9 91 12308
91 9 12308
9 92 1681
92 9 1681
9 93 8558
93 9 8558
9 94 8078
94 9 8078
9 95 9350
95 9 9350
9 96 5453
96 9 5453
9 97 14027
97 9 14027
9 98 4923
98 9 4923
9 99 10727
99 9 10727
10 11 14195
11 10 14195
10 12 14285
12 10 14285
10 13 8103
13 10 8103
10 14 12262
14 10 12262
10 15 9296
15 10 9296
10 16 3347
16 10 3347
10 17 13515
17 10 13515
10 18 13175
18 10 13175
10 19 915
19 10 915
10 20 74
20 10 74
10 21 6036
21 10 6036
10 22 11759
22 10 11759
10 23 14510
23 10 14510
10 24 639
24 10 639
10 25 6223
25 10 6223
10 26 6523
26 10 6523
10 27 2455
27 10 2455
10 28 4138
28 10 4138
10 29 8733
29 10 8733
10 30 2269
30 10 2269
10 31 7415
31 10 7415
10 32 165
32 10 165
10 33 3279
33 10 3279
10 34 10584
34 10 10584
10 35 5738
35 10 5738
10 36 6331
36 10 6331
10 37 1776
37 10 1776
10 38 8606
38 10 8606
10 39 13369
39 10 13369
10 40 4833
40 10 4833
10 41 452
41 10 452
10 42 12028
42 10 12028
10 43 9343
43 10 9343
10 44 11775
44 10 11775
10 45 5266
45 10 5266
10 46 4850
46 10 4850
10 47 10944
47 10 10944
10 48 878
48 10 878
10 49 6491
49 10 6491
10 50 9333
50 10 9333
10 51 11819
51 10 11819
10 52 7061
52 10 7061
10 53 3770
53 10 3770
10 54 1560
54 10 1560
10 55 9876
55 10 9876
10 56 6069
56 10 6069
10 57 6459
57 10 6459
10 58 1933
58 10 1933
10 59 10851
59 10 10851
10 60 5275
60 10 5275
10 61 2847
61 10 2847
10 62 11913
62 10 11913
10 63 11058
63 10 11058
10 64 11174
64 10 11174
10 65 5421
65 10 5421
10 66 5767
66 10 5767
10 67 7437
67 10 7437
10 68 5568
68 10 5568
10 69 3854
69 10 3854
10 70 2514
70 10 2514
10 71 10489
71 10 10489
10 72 50
72 10 50
10 73 9838
73 10 9838
10 74 2983
74 10 2983
10 75 11787
75 10 11787
10 76 10181
76 10 10181
10 77 573
77 10 573
10 78 6604
78 10 6604
10 79 1790
79 10 1790
10 80 6263
80 10 6263
10 81 2543
81 10 2543
10 82 7948
82 10 7948
10 83 10204
83 10 10204
10 84 629
84 10 629
10 85 12935
85 10 12935
10 86 4319
86 10 4319
10 87 10863
87 10 10863
10 88 4238
88 10 4238
10 89 3676
89 10 3676
10 90 11477
90 10 11477
10 91 7147
91 10 7147
10 92 5927
92 10 5927
10 93 4608
93 10 4608
10 94 8294
94 10 8294
10 95 11277
95 10 11277
10 96 2246
96 10 2246
10 97 13554
97 10 13554
10 98 5068
98 10 5068
10 99 7211
99 10 7211
11 12 12953
12 11 12953
11 13 14116
13 11 14116
11 14 3545
14 11 3545
11 15 12239
15 11 12239
11 16 11160
16 11 11160
11 17 1791
17 11 1791
11 18 11339
18 11 11339
11 19 14072
19 11 14072
11 20 1267
20 11 1267
11 21 11882
21 11 11882
11 22 10322
22 11 10322
11 23 14076
23 11 14076
11 24 6033
24 11 6033
11 25 10655
25 11 10655
11 26 10832
26 11 10832
11 27 14232
27 11 14232
11 28 10701
28 11 10701
11 29 8413
29 11 8413
11 30 9002
30 11 9002
11 31 1871
31 11 1871
11 32 1526
32 11 1526
11 33 11565
33 11 11565
11 34 6224
34 11 6224
11 35 14762
35 11 14762
11 36 8342
36 11 8342
11 37 1751
37 11 1751
11 38 3896
38 11 3896
11 39 11905
39 11 11905
11 40 1333
40 11 1333
11 41 9349
41 11 9349
11 42 11662
42 11 11662
11 43 13660
43 11 13660
11 44 2813
44 11 2813
11 45 9574
45 11 9574
11 46 14634
46 11 14634
11 47 8458
47 11 8458
11 48 2227
48 11 2227
11 49 11783
49 11 11783
11 50 5991
50 11 5991
11 51 3145
51 11 3145
11 52 6853
52 11 6853
11 53 12527
53 11 12527
11 54 255
54 11 255
11 55 1237
55 11 1237
11 56 7886
56 11 7886
11 57 12359
57 11 12359
11 58 553
58 11 553
11 59 1123
59 11 1123
11 60 10400
60 11 10400
11 61 1535
61 11 1535
11 62 6990
62 11 6990
11 63 3245
63 11 3245
11 64 1756
64 11 1756
11 65 3270
65 11 3270
11 66 10963
66 11 10963
11 67 5468
67 11 5468
11 68 14260
68 11 14260
11 69 14459
69 11 14459
11 70 328
70 11 328
11 71 12406
71 11 12406
11 72 13076
72 11 13076
11 73 14131
73 11 14131
11 74 5377
74 11 5377
11 75 6917
75 11 6917
11 76 10479
76 11 10479
11 77 1292
77 11 1292
11 78 13162
78 11 13162
11 79 851
79 11 851
11 80 14502
80 11 14502
11 81 1326
81 11 1326
11 82 13254
82 11 13254
11 83 3757
83 11 3757
11 84 9268
84 11 9268
11 85 4249
85 11 4249
11 86 6651
86 11 6651
11 87 3476
87 11 3476
11 88 5776
88 11 5776
11 89 13855
89 11 13855
11 90 11605
90 11 11605
11 91 2234
91 11 2234
11 92 13145
92 11 13145
11 93 4247
93 11 4247
11 94 7513
94 11 7513
11 95 13602
95 11 13602
11 96 2185
96 11 2185
11 97 13137
97 11 13137
11 98 7530
98 11 7530
11 99 583
99 11 583
12 13 8490
13 12 8490
12 14 3495
14 12 3495
12 15 13746
15 12 13746
12 16 9203
16 12 9203
12 17 10235
17 12 10235
12 18 9354
18 12 9354
12 19 6765
19 12 6765
12 20 5711
20 12 5711
12 21 5629
21 12 5629
12 22 13381
22 12 13381
12 23 10202
23 12 10202
12 24 7247
24 12 7247
12 25 10669
25 12 10669
12 26 5797
26 12 5797
12 27 8437
27 12 8437
12 28 8412
28 12 8412
12 29 12504
29 12 12504
12 30 4796
30 12 4796
12 31 6428
31 12 6428
12 32 13828
32 12 13828
12 33 5908
33 12 5908
12 34 10182
34 12 10182
12 35 3530
35 12 3530
12 36 11767
36 12 11767
12 37 385
37 12 385
12 38 11125
38 12 11125
12 39 121
39 12 121
12 40 14531
40 12 14531
12 41 7847
41 12 7847
12 42 13885
42 12 13885
12 43 13917
43 12 13917
12 44 2277
44 12 2277
12 45 4121
45 12 4121
12 46 12227
46 12 12227
12 47 12247
47 12 12247
12 48 1465
48 12 1465
12 49 7237
49 12 7237
12 50 10964
50 12 10964
12 51 11334
51 12 11334
12 52 11917
52 12 11917
12 53 8131
53 12 8131
12 54 5079
54 12 5079
12 55 7217
55 12 7217
12 56 222
56 12 222
12 57 8320
57 12 8320
12 58 8556
58 12 8556
12 59 2457
59 12 2457
12 60 3928
60 12 3928
12 61 11183
61 12 11183
12 62 4111
62 12 4111
12 63 2148
63 12 2148
12 64 14732
64 12 14732
12 65 3373
65 12 3373
12 66 8242
66 12 8242
12 67 11387
67 12 11387
12 68 5296
68 12 5296
12 69 11439
69 12 11439
12 70 9681
70 12 9681
12 71 8737
71 12 8737
12 72 11536
72 12 11536
12 73 11377
73 12 11377
12 74 8399
74 12 8399
12 75 3691
75 12 3691
12 76 13118
76 12 13118
12 77 13823
77 12 13823
12 78 12603
78 12 12603
12 79 7374
79 12 7374
12 80 13467
80 12 13467
12 81 2737
81 12 2737
12 82 11047
82 12 11047
12 83 3576
83 12 3576
12 84 11587
84 12 11587
12 85 11399
85 12 11399
12 86 10433
86 12 10433
12 87 5816
87 12 5816
12 88 3327
88 12 3327
12 89 4674
89 12 4674
12 90 2602
90 12 2602
12 91 4910
91 12 4910
12 92 11734
92 12 11734
12 93 7797
93 12 7797
12 94 3443
94 12 3443
12 95 4617
95 12 4617
12 96 2731
96 12 2731
12 97 11245
97 12 11245
12 98 8707
98 12 8707
12 99 12559
99 12 12559
13 14 896
14 13 896
13 15 12799
15 13 12799
13 16 8525
16 13 8525
13 17 13390
17 13 13390
13 18 11278
18 13 11278
13 19 7129
19 13 7129
13 20 10372
20 13 10372
13 21 8043
21 13 8043
13 22 1049
22 13 1049
13 23 5610
23 13 5610
13 24 11174
24 13 11174
13 25 1585
25 13 1585
13 26 4094
26 13 4094
13 27 1105
27 13 1105
13 28 13601
28 13 13601
13 29 8275
29 13 8275
13 30 7411
30 13 7411
13 31 8422
31 13 8422
13 32 2400
32 13 2400
13 33 14632
33 13 14632
13 34 10528
34 13 10528
13 35 1294
35 13 1294
13 36 8772
36 13 8772
13 37 12702
37 13 12702
13 38 11461
38 13 11461
13 39 1358
39 13 1358
13 40 1934
40 13 1934
13 41 11522
41 13 11522
13 42 6693
42 13 6693
13 43 2523
43 13 2523
13 44 2569
44 13 2569
13 45 9718
45 13 9718
13 46 8199
46 13 8199
13 47 11514
47 13 11514
13 48 8511
48 13 8511
13 49 3499
49 13 3499
13 50 932
50 13 932
13 51 13063
51 13 13063
13 52 261
52 13 261
13 53 698
53 13 698
13 54 13677
54 13 13677
13 55 9896
55 13 9896
13 56 13796
56 13 13796
13 57 298
57 13 298
13 58 6769
58 13 6769
13 59 11028
59 13 11028
13 60 6963
60 13 6963
13 61 2221
61 13 2221
13 62 2465
62 13 2465
13 63 13389
63 13 13389
13 64 4461
64 13 4461
13 65 13584
65 13 13584
13 66 4976
66 13 4976
13 67 2813
67 13 2813
13 68 7196
68 13 7196
13 69 13012
69 13 13012
13 70 10418
70 13 10418
13 71 4321
71 13 4321
13 72 14658
72 13 14658
13 73 6742
73 13 6742
13 74 560
74 13 560
13 75 3961
75 13 3961
13 76 6172
76 13 6172
13 77 10089
77 13 10089
13 78 12133
78 13 12133
13 79 8407
79 13 8407
13 80 11062
80 13 11062
13 81 10295
81 13 10295
13 82 1923
82 13 1923
13 83 4513
83 13 4513
13 84 1794
84 13 1794
13 85 14643
85 13 14643
13 86 9938
86 13 9938
13 87 11672
87 13 11672
13 88 8624
88 13 8624
13 89 13631
89 13 13631
13 90 10978
90 13 10978
13 91 14230
91 13 14230
13 92 13893
92 13 13893
13 93 12470
93 13 12470
13 94 3152
94 13 3152
13 95 11052
95 13 11052
13 96 11099
96 13 11099
13 97 1447
97 13 1447
13 98 8983
98 13 8983
13 99 11078
99 13 11078
14 15 7704
15 14 7704
14 16 11130
16 14 11130
14 17 13544
17 14 13544
14 18 12091
18 14 12091
14 19 4940
19 14 4940
14 20 11665
20 14 11665
14 21 12985
21 14 12985
14 22 10196
22 14 10196
14 23 781
23 14 781
14 24 12042
24 14 12042
14 25 2132
25 14 2132
14 26 242
26 14 242
14 27 8662
27 14 8662
14 28 14233
28 14 14233
14 29 8418
29 14 8418
14 30 2226
30 14 2226
14 31 12186
31 14 12186
14 32 10727
32 14 10727
14 33 14187
33 14 14187
14 34 9335
34 14 9335
14 35 6961
35 14 6961
14 36 12960
36 14 12960
14 37 12042
37 14 12042
14 38 8350
38 14 8350
14 39 11388
39 14 11388
14 40 2705
40 14 2705
14 41 2129
41 14 2129
14 42 6016
42 14 6016
14 43 8383
43 14 8383
14 44 9023
44 14 9023
14 45 14442
45 14 14442
14 46 9224
46 14 9224
14 47 12988
47 14 12988
14 48 7413
48 14 7413
14 49 14593
49 14 14593
14 50 279
50 14 279
14 51 8881
51 14 8881
14 52 13653
52 14 13653
14 53 2130
53 14 2130
14 54 1401
54 14 1401
14 55 9241
55 14 9241
14 56 8634
56 14 8634
14 57 13655
57 14 13655
14 58 3519
58 14 3519
14 59 11179
59 14 11179
14 60 5888
60 14 5888
14 61 11892
61 14 11892
14 62 11594
62 14 11594
14 63 4177
63 14 4177
14 64 955
64 14 955
14 65 8162
65 14 8162
14 66 9613
66 14 9613
14 67 5039
67 14 5039
14 68 10409
68 14 10409
14 69 10778
69 14 10778
14 70 5509
70 14 5509
14 71 12701
71 14 12701
14 72 9198
72 14 9198
14 73 3970
73 14 3970
14 74 177
74 14 177
14 75 4901
75 14 4901
14 76 3234
76 14 3234
14 77 3052
77 14 3052
14 78 1904
78 14 1904
14 79 13444
79 14 13444
14 80 735
80 14 735
14 81 6394
81 14 6394
14 82 13652
82 14 13652
14 83 1966
83 14 1966
14 84 2921
84 14 2921
14 85 5445
85 14 5445
14 86 1164
86 14 1164
14 87 13734
87 14 13734
14 88 5367
88 14 5367
14 89 3694
89 14 3694
14 90 2890
90 14 2890
14 91 5212
91 14 5212
14 92 14716
92 14 14716
14 93 13465
93 14 13465
14 94 9550
94 14 9550
14 95 11961
95 14 11961
14 96 608
96 14 608
14 97 9505
97 14 9505
14 98 1187
98 14 1187
14 99 8961
99 14 8961
15 16 9568
16 15 9568
15 17 10078
17 15 10078
15 18 6530
18 15 6530
15 19 13169
19 15 13169
15 20 9317
20 15 9317
15 21 12560
21 15 12560
15 22 178
22 15 178
15 23 11189
23 15 11189
15 24 5114
24 15 5114
15 25 3028
25 15 3028
15 26 5029
26 15 5029
15 27 9761
27 15 9761
15 28 14394
28 15 14394
15 29 1853
29 15 1853
15 30 1336
30 15 1336
15 31 3337
31 15 3337
15 32 3846
32 15 3846
15 33 5614
33 15 5614
15 34 405
34 15 405
15 35 9190
35 15 9190
15 36 2449
36 15 2449
15 37 5687
37 15 5687
15 38 751
38 15 751
15 39 3021
39 15 3021
15 40 11424
40 15 11424
15 41 13699
41 15 13699
15 42 6371
42 15 6371
15 43 12179
43 15 12179
15 44 11945
44 15 11945
15 45 7372
45 15 7372
15 46 8199
46 15 8199
15 47 14218
47 15 14218
15 48 8361
48 15 8361
15 49 14831
49 15 14831
15 50 5243
50 15 5243
15 51 156
51 15 156
15 52 3394
52 15 3394
15 53 5059
53 15 5059
15 54 8962
54 15 8962
15 55 11501
55 15 11501
15 56 2457
56 15 2457
15 57 6269
57 15 6269
15 58 9292
58 15 9292
15 59 10165
59 15 10165
15 60 14050
60 15 14050
15 61 379
61 15 379
15 62 4182
62 15 4182
15 63 8247
63 15 8247
15 64 823
64 15 823
15 65 8985
65 15 8985
15 66 12302
66 15 12302
15 67 2230
67 15 2230
15 68 11438
68 15 11438
15 69 7547
69 15 7547
15 70 1298
70 15 1298
15 71 2847
71 15 2847
15 72 11469
72 15 11469
15 73 13390
73 15 13390
15 74 7619
74 15 7619
15 75 4087
75 15 4087
15 76 13962
76 15 13962
15 77 12192
77 15 12192
15 78 13293
78 15 13293
15 79 4243
79 15 4243
15 80 814
80 15 814
15 81 2526
81 15 2526
15 82 6495
82 15 6495
15 83 1837
83 15 1837
15 84 11761
84 15 11761
15 85 10932
85 15 10932
15 86 810
86 15 810
15 87 7837
87 15 7837
15 88 4414
88 15 4414
15 89 14285
89 15 14285
15 90 13531
90 15 13531
15 91 4707
91 15 4707
15 92 14621
92 15 14621
15 93 888
93 15 888
15 94 7516
94 15 7516
15 95 4432
95 15 4432
15 96 2914
96 15 2914
15 97 13722
97 15 13722
15 98 1902
98 15 1902
15 99 13045
99 15 13045
16 17 6024
17 16 6024
16 18 2829
18 16 2829
16 19 11621
19 16 11621
16 20 6425
20 16 6425
16 21 7548
21 16 7548
16 22 5455
22 16 5455
16 23 2318
23 16 2318
16 24 4251
24 16 4251
16 25 12820
25 16 12820
16 26 9226
26 16 9226
16 27 4811
27 16 4811
16 28 7663
28 16 7663
16 29 9933
29 16 9933
16 30 6159
30 16 6159
16 31 1264
31 16 1264
16 32 5947
32 16 5947
16 33 7218
33 16 7218
16 34 1987
34 16 1987
16 35 12286
35 16 12286
16 36 5168
36 16 5168
16 37 4194
37 16 4194
16 38 7264
38 16 7264
16 39 5558
39 16 5558
16 40 13455
40 16 13455
16 41 2084
41 16 2084
16 42 6971
42 16 6971
16 43 11759
43 16 11759
16 44 9375
44 16 9375
16 45 498
45 16 498
16 46 11117
46 16 11117
16 47 7121
47 16 7121
16 48 448
48 16 448
16 49 2859
49 16 2859
16 50 6455
50 16 6455
16 51 5689
51 16 5689
16 52 9929
52 16 9929
16 53 14276
53 16 14276
16 54 3148
54 16 3148
16 55 445
55 16 445
16 56 7202
56 16 7202
16 57 313
57 16 313
16 58 4854
58 16 4854
16 59 7977
59 16 7977
16 60 13424
60 16 13424
16 61 7231
61 16 7231
16 62 10012
62 16 10012
16 63 2384
63 16 2384
16 64 8586
64 16 8586
16 65 3683
65 16 3683
16 66 9853
66 16 9853
16 67 1233
67 16 1233
16 68 473
68 16 473
16 69 11910
69 16 11910
16 70 13145
70 16 13145
16 71 7871
71 16 7871
16 72 2705
72 16 2705
16 73 11061
73 16 11061
16 74 10211
74 16 10211
16 75 14402
75 16 14402
16 76 3034
76 16 3034
16 77 10284
77 16 10284
16 78 3400
78 16 3400
16 79 14656
79 16 14656
16 80 3310
80 16 3310
16 81 14520
81 16 14520
16 82 13934
82 16 13934
16 83 2565
83 16 2565
16 84 5523
84 16 5523
16 85 8969
85 16 8969
16 86 14107
86 16 14107
16 87 11832
87 16 11832
16 88 7498
88 16 7498
16 89 624
89 16 624
16 90 8992
90 16 8992
16 91 14645
91 16 14645
16 92 11178
92 16 11178
16 93 54
93 16 54
16 94 3245
94 16 3245
16 95 5278
95 16 5278
16 96 3947
96 16 3947
16 97 1325
97 16 1325
16 98 10591
98 16 10591
16 99 4422
99 16 4422
17 18 5383
18 17 5383
17 19 8209
19 17 8209
17 20 12870
20 17 12870
17 21 11946
21 17 11946
17 22 2849
22 17 2849
17 23 4869
23 17 4869
17 24 4662
24 17 4662
17 25 12608
25 17 12608
17 26 4492
26 17 4492
17 27 3892
27 17 3892
17 28 3404
28 17 3404
17 29 168
29 17 168
17 30 8202
30 17 8202
17 31 6019
31 17 6019
17 32 5633
32 17 5633
17 33 7634
33 17 7634
17 34 12165
34 17 12165
17 35 5729
35 17 5729
17 36 3301
36 17 3301
17 37 14258
37 17 14258
17 38 11211
38 17 11211
17 39 13533
39 17 13533
17 40 3396
40 17 3396
17 41 4952
41 17 4952
17 42 13207
42 17 13207
17 43 6690
43 17 6690
17 44 10098
44 17 10098
17 45 13844
45 17 13844
17 46 6150
46 17 6150
17 47 7
47 17 7
17 48 11923
48 17 11923
17 49 10469
49 17 10469
17 50 9378
50 17 9378
17 51 7325
51 17 7325
17 52 8535
52 17 8535
17 53 13391
53 17 13391
17 54 12929
54 17 12929
17 55 2286
55 17 2286
17 56 2092
56 17 2092
17 57 3984
57 17 3984
17 58 7178
58 17 7178
17 59 3637
59 17 3637
17 60 9249
60 17 9249
17 61 11315
61 17 11315
17 62 2366
62 17 2366
17 63 5733
63 17 5733
17 64 13462
64 17 13462
17 65 14636
65 17 14636
17 66 2071
66 17 2071
17 67 7415
67 17 7415
17 68 2754
68 17 2754
17 69 1634
69 17 1634
17 70 7519
70 17 7519
17 71 3100
71 17 3100
17 72 13053
72 17 13053
17 73 12098
73 17 12098
17 74 7910
74 17 7910
17 75 14643
75 17 14643
17 76 1257
76 17 1257
17 77 9741
77 17 9741
17 78 9065
78 17 9065
17 79 9234
79 17 9234
17 80 8598
80 17 8598
17 81 7787
81 17 7787
17 82 11394
82 17 11394
17 83 5831
83 17 5831
17 84 12360
84 17 12360
17 85 919
85 17 919
17 86 4647
86 17 4647
17 87 6961
87 17 6961
17 88 12949
88 17 12949
17 89 7717
89 17 7717
17 90 14484
90 17 14484
17 91 9171
91 17 9171
17 92 392
92 17 392
17 93 6571
93 17 6571
17 94 2537
94 17 2537
17 95 12924
95 17 12924
17 96 26
96 17 26
17 97 6505
97 17 6505
17 98 1160
98 17 1160
17 99 4287
99 17 4287
18 19 13833
19 18 13833
18 20 11883
20 18 11883
18 21 11646
21 18 11646
18 22 14332
22 18 14332
18 23 9739
23 18 9739
18 24 1238
24 18 1238
18 25 3037
25 18 3037
18 26 5271
26 18 5271
18 27 316
27 18 316
18 28 2842
28 18 2842
18 29 14367
29 18 14367
18 30 2956
30 18 2956
18 31 8372
31 18 8372
18 32 13534
32 18 13534
18 33 6909
33 18 6909
18 34 11102
34 18 11102
18 35 12167
35 18 12167
18 36 10382
36 18 10382
18 37 785
37 18 785
18 38 4348
38 18 4348
18 39 10855
39 18 10855
18 40 5782
40 18 5782
18 41 5673
41 18 5673
18 42 1282
42 18 1282
18 43 6987
43 18 6987
18 44 5438
44 18 5438
18 45 11132
45 18 11132
18 46 8975
46 18 8975
18 47 7689
47 18 7689
18 48 8341
48 18 8341
18 49 10401
49 18 10401
18 50 3995
50 18 3995
18 51 12797
51 18 12797
18 52 5292
52 18 5292
18 53 1284
53 18 1284
18 54 1613
54 18 1613
18 55 5659
55 18 5659
18 56 3418
56 18 3418
18 57 1849
57 18 1849
18 58 4845
58 18 4845
18 59 12542
59 18 12542
18 60 1552
60 18 1552
18 61 11029
61 18 11029
18 62 6763
62 18 6763
18 63 8766
63 18 8766
18 64 552
64 18 552
18 65 3192
65 18 3192
18 66 7631
66 18 7631
18 67 2928
67 18 2928
18 68 7393
68 18 7393
18 69 7541
69 18 7541
18 70 3267
70 18 3267
18 71 11339
71 18 11339
18 72 5257
72 18 5257
18 73 7672
73 18 7672
18 74 7583
74 18 7583
18 75 624
75 18 624
18 76 13953
76 18 13953
18 77 5425
77 18 5425
18 78 5828
78 18 5828
18 79 14346
79 18 14346
18 80 4396
80 18 4396
18 81 14305
81 18 14305
18 82 5616
82 18 5616
18 83 10031
83 18 10031
18 84 8704
84 18 8704
18 85 8189
85 18 8189
18 86 6670
86 18 6670
18 87 11479
87 18 11479
18 88 7807
88 18 7807
18 89 11542
89 18 11542
18 90 10524
90 18 10524
18 91 14663
91 18 14663
18 92 12886
92 18 12886
18 93 8099
93 18 8099
18 94 5941
94 18 5941
18 95 6285
95 18 6285
18 96 9522
96 18 9522
18 97 11696
97 18 11696
18 98 4889
98 18 4889
18 99 9323
99 18 9323
19 20 3954
20 19 3954
19 21 6680
21 19 6680
19 22 7771
22 19 7771
19 23 6226
23 19 6226
19 24 12204
24 19 12204
19 25 3380
25 19 3380
19 26 11468
26 19 11468
19 27 4664
27 19 4664
19 28 328
28 19 328
19 29 7088
29 19 7088
19 30 8437
30 19 8437
19 31 11854
31 19 11854
19 32 4760
32 19 4760
19 33 1537
33 19 1537
19 34 253
34 19 253
19 35 5820
35 19 5820
19 36 6910
36 19 6910
19 37 14165
37 19 14165
19 38 2062
38 19 2062
19 39 1212
39 19 1212
19 40 5778
40 19 5778
19 41 2773
41 19 2773
19 42 14660
42 19 14660
19 43 12579
43 19 12579
19 44 12344
44 19 12344
19 45 13894
45 19 13894
19 46 11023
46 19 11023
19 47 6272
47 19 6272
19 48 4040
48 19 4040
19 49 5116
49 19 5116
19 50 2162
50 19 2162
19 51 12104
51 19 12104
19 52 14199
52 19 14199
19 53 6315
53 19 6315
19 54 10353
54 19 10353
19 55 10420
55 19 10420
19 56 4098
56 19 4098
19 57 3002
57 19 3002
19 58 891
58 19 891
19 59 10012
59 19 10012
19 60 3946
60 19 3946
19 61 5704
61 19 5704
19 62 14146
62 19 14146
19 63 9
63 19 9
19 64 8345
64 19 8345
19 65 8748
65 19 8748
19 66 14029
66 19 14029
19 67 1990
67 19 1990
19 68 557
68 19 557
19 69 9682
69 19 9682
19 70 7815
70 19 7815
19 71 8102
71 19 8102
19 72 2643
72 19 2643
19 73 7699
73 19 7699
19 74 8027
74 19 8027
19 75 10729
75 19 10729
19 76 7254
76 19 7254
19 77 2957
77 19 2957
19 78 14329
78 19 14329
19 79 1891
79 19 1891
19 80 1785
80 19 1785
19 81 9279
81 19 9279
19 82 14399
82 19 14399
19 83 11287
83 19 11287
19 84 9838
84 19 9838
19 85 8204
85 19 8204
19 86 8758
86 19 8758
19 87 2565
87 19 2565
19 88 3718
88 19 3718
19 89 3940
89 19 3940
19 90 6233
90 19 6233
19 91 951
91 19 951
19 92 11863
92 19 11863
19 93 12676
93 19 12676
19 94 5069
94 19 5069
19 95 9822
95 19 9822
19 96 10068
96 19 10068
19 97 4897
97 19 4897
19 98 8777
98 19 8777
19 99 1609
99 19 1609
20 21 3819
21 20 3819
20 22 4682
22 20 4682
20 23 4477
23 20 4477
20 24 7960
24 20 7960
20 25 13716
25 20 13716
20 26 4633
26 20 4633
20 27 4419
27 20 4419
20 28 14686
28 20 14686
20 29 11257
29 20 11257
20 30 12068
30 20 12068
20 31 3108
31 20 3108
20 32 10234
32 20 10234
20 33 239
33 20 239
20 34 557
34 20 557
20 35 10300
35 20 10300
20 36 10942
36 20 10942
20 37 398
37 20 398
20 38 10149
38 20 10149
20 39 12999
39 20 12999
20 40 8516
40 20 8516
20 41 8646
41 20 8646
20 42 12036
42 20 12036
20 43 13061
43 20 13061
20 44 5086
44 20 5086
20 45 6238
45 20 6238
20 46 2192
46 20 2192
20 47 12687
47 20 12687
20 48 3233
48 20 3233
20 49 4768
49 20 4768
20 50 2323
50 20 2323
20 51 9758
51 20 9758
20 52 7719
52 20 7719
20 53 7108
53 20 7108
20 54 5631
54 20 5631
20 55 3857
55 20 3857
20 56 6112
56 20 6112
20 57 10656
57 20 10656
20 58 9433
58 20 9433
20 59 14717
59 20 14717
20 60 4316
60 20 4316
20 61 13473
61 20 13473
20 62 7051
62 20 7051
20 63 10877
63 20 10877
20 64 14698
64 20 14698
20 65 7430
65 20 7430
20 66 4713
66 20 4713
20 67 6512
67 20 6512
20 68 11636
68 20 11636
20 69 12525
69 20 12525
20 70 8697
70 20 8697
20 71 836
71 20 836
20 72 7248
72 20 7248
20 73 6832
73 20 6832
20 74 2335
74 20 2335
20 75 11605
75 20 11605
20 76 11417
76 20 11417
20 77 998
77 20 998
20 78 5126
78 20 5126
20 79 8287
79 20 8287
20 80 4148
80 20 4148
20 81 1781
81 20 1781
20 82 10444
82 20 10444
20 83 371
83 20 371
20 84 7174
84 20 7174
20 85 4818
85 20 4818
20 86 540
86 20 540
20 87 7059
87 20 7059
20 88 9111
88 20 9111
20 89 11231
89 20 11231
20 90 2539
90 20 2539
20 91 1971
91 20 1971
20 92 4816
92 20 4816
20 93 3838
93 20 3838
20 94 936
94 20 936
20 95 2882
95 20 2882
20 96 166
96 20 166
20 97 13896
97 20 13896
20 98 8477
