70 4830
0 1 534
1 0 534
0 2 6318
2 0 6318
0 3 3187
3 0 3187
0 4 1249
4 0 1249
0 5 1841
5 0 1841
0 6 4004
6 0 4004
0 7 6775
7 0 6775
0 8 1493
8 0 1493
0 9 138
9 0 138
0 10 1852
10 0 1852
0 11 303
11 0 303
0 12 1248
12 0 1248
0 13 1547
13 0 1547
0 14 1060
14 0 1060
0 15 3855
15 0 3855
0 16 4806
16 0 4806
0 17 5213
17 0 5213
0 18 5205
18 0 5205
0 19 2352
19 0 2352
0 20 1375
20 0 1375
0 21 4783
21 0 4783
0 22 4759
22 0 4759
0 23 6020
23 0 6020
0 24 2074
24 0 2074
0 25 4365
25 0 4365
0 26 851
26 0 851
0 27 2306
27 0 2306
0 28 2505
28 0 2505
0 29 5298
29 0 5298
0 30 5290
30 0 5290
0 31 841
31 0 841
0 32 671
32 0 671
0 33 6190
33 0 6190
0 34 267
34 0 267
0 35 5860
35 0 5860
0 36 5000
36 0 5000
0 37 6481
37 0 6481
0 38 3652
38 0 3652
0 39 1890
39 0 1890
0 40 6096
40 0 6096
0 41 775
41 0 775
0 42 4751
42 0 4751
0 43 3944
43 0 3944
0 44 2672
44 0 2672
0 45 6436
45 0 6436
0 46 3422
46 0 3422
0 47 5574
47 0 5574
0 48 5566
48 0 5566
0 49 5693
49 0 5693
0 50 1813
50 0 1813
0 51 3642
51 0 3642
0 52 2448
52 0 2448
0 53 1841
53 0 1841
0 54 3479
54 0 3479
0 55 7170
55 0 7170
0 56 4592
56 0 4592
0 57 1235
57 0 1235
0 58 4924
58 0 4924
0 59 309
59 0 309
0 60 17
60 0 17
0 61 4129
61 0 4129
0 62 4113
62 0 4113
0 63 361
63 0 361
0 64 3663
64 0 3663
0 65 2907
65 0 2907
0 66 4510
66 0 4510
0 67 4610
67 0 4610
0 68 3703
68 0 3703
0 69 2785
69 0 2785
1 2 6384
2 1 6384
1 3 3185
3 1 3185
1 4 5111
4 1 5111
1 5 619
5 1 619
1 6 5007
6 1 5007
1 7 1114
7 1 1114
1 8 696
8 1 696
1 9 6080
9 1 6080
1 10 4926
10 1 4926
1 11 398
11 1 398
1 12 4449
12 1 4449
1 13 4527
13 1 4527
1 14 6723
14 1 6723
1 15 1068
15 1 1068
1 16 1831
16 1 1831
1 17 5737
17 1 5737
1 18 4559
18 1 4559
1 19 6039
19 1 6039
1 20 959
20 1 959
1 21 1378
21 1 1378
1 22 2198
22 1 2198
1 23 6731
23 1 6731
1 24 4666
24 1 4666
1 25 7048
25 1 7048
1 26 132
26 1 132
1 27 1850
27 1 1850
1 28 3396
28 1 3396
1 29 4154
29 1 4154
1 30 6298
30 1 6298
1 31 881
31 1 881
1 32 6426
32 1 6426
1 33 474
33 1 474
1 34 1108
34 1 1108
1 35 6498
35 1 6498
1 36 2342
36 1 2342
1 37 5948
37 1 5948
1 38 4668
38 1 4668
1 39 3463
39 1 3463
1 40 1201
40 1 1201
1 41 4196
41 1 4196
1 42 161
42 1 161
1 43 1931
43 1 1931
1 44 4176
44 1 4176
1 45 5972
45 1 5972
1 46 39
46 1 39
1 47 4377
47 1 4377
1 48 5178
48 1 5178
1 49 2991
49 1 2991
1 50 5339
50 1 5339
1 51 3575
51 1 3575
1 52 5209
52 1 5209
1 53 227
53 1 227
1 54 1740
54 1 1740
1 55 3743
55 1 3743
1 56 5848
56 1 5848
1 57 214
57 1 214
1 58 6622
58 1 6622
1 59 2877
59 1 2877
1 60 5388
60 1 5388
1 61 5599
61 1 5599
1 62 3668
62 1 3668
1 63 6771
63 1 6771
1 64 205
64 1 205
1 65 4657
65 1 4657
1 66 7072
66 1 7072
1 67 3776
67 1 3776
1 68 4487
68 1 4487
1 69 5816
69 1 5816
2 3 4336
3 2 4336
2 4 6509
4 2 6509
2 5 2780
5 2 2780
2 6 3935
6 2 3935
2 7 632
7 2 632
2 8 4100
8 2 4100
2 9 2993
9 2 2993
2 10 4322
10 2 4322
2 11 4987
11 2 4987
2 12 5577
12 2 5577
2 13 1430
13 2 1430
2 14 7224
14 2 7224
2 15 4619
15 2 4619
2 16 3331
16 2 3331
2 17 2695
17 2 2695
2 18 4673
18 2 4673
2 19 3076
19 2 3076
2 20 6339
20 2 6339
2 21 238
21 2 238
2 22 3054
22 2 3054
2 23 3364
23 2 3364
2 24 3395
24 2 3395
2 25 3516
25 2 3516
2 26 4221
26 2 4221
2 27 2755
27 2 2755
2 28 7025
28 2 7025
2 29 4801
29 2 4801
2 30 6559
30 2 6559
2 31 4562
31 2 4562
2 32 4355
32 2 4355
2 33 349
33 2 349
2 34 5299
34 2 5299
2 35 6170
35 2 6170
2 36 5906
36 2 5906
2 37 578
37 2 578
2 38 5714
38 2 5714
2 39 7156
39 2 7156
2 40 6075
40 2 6075
2 41 347
41 2 347
2 42 2357
42 2 2357
2 43 6829
43 2 6829
2 44 6322
44 2 6322
2 45 1775
45 2 1775
2 46 2944
46 2 2944
2 47 3462
47 2 3462
2 48 1587
48 2 1587
2 49 2092
49 2 2092
2 50 4694
50 2 4694
2 51 2137
51 2 2137
2 52 2757
52 2 2757
2 53 7167
53 2 7167
2 54 2045
54 2 2045
2 55 2048
55 2 2048
2 56 3112
56 2 3112
2 57 4197
57 2 4197
2 58 5044
58 2 5044
2 59 4394
59 2 4394
2 60 3864
60 2 3864
2 61 1399
61 2 1399
2 62 7049
62 2 7049
2 63 6292
63 2 6292
2 64 2145
64 2 2145
2 65 251
65 2 251
2 66 5046
66 2 5046
2 67 2805
67 2 2805
2 68 4025
68 2 4025
2 69 3257
69 2 3257
3 4 6918
4 3 6918
3 5 195
5 3 195
3 6 5093
6 3 5093
3 7 5061
7 3 5061
3 8 2434
8 3 2434
3 9 2122
9 3 2122
3 10 6994
10 3 6994
3 11 1263
11 3 1263
3 12 5204
12 3 5204
3 13 5869
13 3 5869
3 14 1216
14 3 1216
3 15 598
15 3 598
3 16 5185
16 3 5185
3 17 2389
17 3 2389
3 18 5524
18 3 5524
3 19 3850
19 3 3850
3 20 1186
20 3 1186
3 21 1862
21 3 1862
3 22 5194
22 3 5194
3 23 259
23 3 259
3 24 3959
24 3 3959
3 25 6918
25 3 6918
3 26 3382
26 3 3382
3 27 5228
27 3 5228
3 28 6833
28 3 6833
3 29 2199
29 3 2199
3 30 5331
30 3 5331
3 31 3143
31 3 3143
3 32 875
32 3 875
3 33 731
33 3 731
3 34 2271
34 3 2271
3 35 2033
35 3 2033
3 36 776
36 3 776
3 37 114
37 3 114
3 38 3719
38 3 3719
3 39 4877
39 3 4877
3 40 6047
40 3 6047
3 41 4467
41 3 4467
3 42 1740
42 3 1740
3 43 6167
43 3 6167
3 44 5792
44 3 5792
3 45 61
45 3 61
3 46 5916
46 3 5916
3 47 6053
47 3 6053
3 48 3490
48 3 3490
3 49 3610
49 3 3610
3 50 1166
50 3 1166
3 51 6680
51 3 6680
3 52 6928
52 3 6928
3 53 2852
53 3 2852
3 54 5047
54 3 5047
3 55 5219
55 3 5219
3 56 1237
56 3 1237
3 57 6180
57 3 6180
3 58 4022
58 3 4022
3 59 1046
59 3 1046
3 60 6286
60 3 6286
3 61 3111
61 3 3111
3 62 2634
62 3 2634
3 63 3448
63 3 3448
3 64 7004
64 3 7004
3 65 4987
65 3 4987
3 66 5973
66 3 5973
3 67 464
67 3 464
3 68 4419
68 3 4419
3 69 3816
69 3 3816
4 5 7149
5 4 7149
4 6 5421
6 4 5421
4 7 3475
7 4 3475
4 8 5260
8 4 5260
4 9 199
9 4 199
4 10 249
10 4 249
4 11 288
11 4 288
4 12 2262
12 4 2262
4 13 1578
13 4 1578
4 14 2882
14 4 2882
4 15 6458
15 4 6458
4 16 1599
16 4 1599
4 17 4080
17 4 4080
4 18 5563
18 4 5563
4 19 4947
19 4 4947
4 20 639
20 4 639
4 21 5546
21 4 5546
4 22 5656
22 4 5656
4 23 319
23 4 319
4 24 7056
24 4 7056
4 25 1375
25 4 1375
4 26 4625
26 4 4625
4 27 927
27 4 927
4 28 3541
28 4 3541
4 29 1597
29 4 1597
4 30 3761
30 4 3761
4 31 5627
31 4 5627
4 32 967
32 4 967
4 33 5685
33 4 5685
4 34 4794
34 4 4794
4 35 5816
35 4 5816
4 36 713
36 4 713
4 37 7136
37 4 7136
4 38 4734
38 4 4734
4 39 3185
39 4 3185
4 40 1595
40 4 1595
4 41 693
41 4 693
4 42 4600
42 4 4600
4 43 5462
43 4 5462
4 44 6594
44 4 6594
4 45 6737
45 4 6737
4 46 863
46 4 863
4 47 1164
47 4 1164
4 48 6604
48 4 6604
4 49 6791
49 4 6791
4 50 3982
50 4 3982
4 51 2813
51 4 2813
4 52 5668
52 4 5668
4 53 6270
53 4 6270
4 54 902
54 4 902
4 55 5534
55 4 5534
4 56 300
56 4 300
4 57 3868
57 4 3868
4 58 1933
58 4 1933
4 59 364
59 4 364
4 60 2448
60 4 2448
4 61 2188
61 4 2188
4 62 6524
62 4 6524
4 63 5703
63 4 5703
4 64 5126
64 4 5126
4 65 1736
65 4 1736
4 66 2521
66 4 2521
4 67 3064
67 4 3064
4 68 7036
68 4 7036
4 69 607
69 4 607
5 6 3471
6 5 3471
5 7 535
7 5 535
5 8 4232
8 5 4232
5 9 220
9 5 220
5 10 6597
10 5 6597
5 11 4132
11 5 4132
5 12 647
12 5 647
5 13 855
13 5 855
5 14 487
14 5 487
5 15 5587
15 5 5587
5 16 1587
16 5 1587
5 17 7233
17 5 7233
5 18 583
18 5 583
5 19 6319
19 5 6319
5 20 329
20 5 329
5 21 174
21 5 174
5 22 1338
22 5 1338
5 23 4520
23 5 4520
5 24 1243
24 5 1243
5 25 6848
25 5 6848
5 26 4148
26 5 4148
5 27 3293
27 5 3293
5 28 542
28 5 542
5 29 5815
29 5 5815
5 30 1601
30 5 1601
5 31 5099
31 5 5099
5 32 6135
32 5 6135
5 33 7011
33 5 7011
5 34 815
34 5 815
5 35 2907
35 5 2907
5 36 3270
36 5 3270
5 37 4616
37 5 4616
5 38 5758
38 5 5758
5 39 1416
39 5 1416
5 40 674
40 5 674
5 41 162
41 5 162
5 42 4239
42 5 4239
5 43 1945
43 5 1945
5 44 4923
44 5 4923
5 45 3297
45 5 3297
5 46 1974
46 5 1974
5 47 4307
47 5 4307
5 48 778
48 5 778
5 49 6148
49 5 6148
5 50 3251
50 5 3251
5 51 1669
51 5 1669
5 52 4956
52 5 4956
5 53 4444
53 5 4444
5 54 3320
54 5 3320
5 55 6351
55 5 6351
5 56 1459
56 5 1459
5 57 5366
57 5 5366
5 58 1308
58 5 1308
5 59 4631
59 5 4631
5 60 2034
60 5 2034
5 61 6087
61 5 6087
5 62 1214
62 5 1214
5 63 5093
63 5 5093
5 64 3240
64 5 3240
5 65 1490
65 5 1490
5 66 4822
66 5 4822
5 67 6261
67 5 6261
5 68 7044
68 5 7044
5 69 614
69 5 614
6 7 4014
7 6 4014
6 8 9
8 6 9
6 9 1720
9 6 1720
6 10 4274
10 6 4274
6 11 2875
11 6 2875
6 12 7095
12 6 7095
6 13 6366
13 6 6366
6 14 602
14 6 602
6 15 5960
15 6 5960
6 16 6297
16 6 6297
6 17 5130
17 6 5130
6 18 1419
18 6 1419
6 19 3444
19 6 3444
6 20 3646
20 6 3646
6 21 908
21 6 908
6 22 2939
22 6 2939
6 23 1943
23 6 1943
6 24 5675
24 6 5675
6 25 6289
25 6 6289
6 26 6928
26 6 6928
6 27 1039
27 6 1039
6 28 1031
28 6 1031
6 29 3198
29 6 3198
6 30 1515
30 6 1515
6 31 6296
31 6 6296
6 32 3563
32 6 3563
6 33 2367
33 6 2367
6 34 5609
34 6 5609
6 35 4783
35 6 4783
6 36 5266
36 6 5266
6 37 4041
37 6 4041
6 38 1838
38 6 1838
6 39 1535
39 6 1535
6 40 3123
40 6 3123
6 41 50
41 6 50
6 42 6497
42 6 6497
6 43 5071
43 6 5071
6 44 4010
44 6 4010
6 45 3867
45 6 3867
6 46 3170
46 6 3170
6 47 5339
47 6 5339
6 48 1689
48 6 1689
6 49 6281
49 6 6281
6 50 6401
50 6 6401
6 51 2588
51 6 2588
6 52 1654
52 6 1654
6 53 4372
53 6 4372
6 54 1829
54 6 1829
6 55 6826
55 6 6826
6 56 4546
56 6 4546
6 57 2583
57 6 2583
6 58 1465
58 6 1465
6 59 7222
59 6 7222
6 60 2048
60 6 2048
6 61 2375
61 6 2375
6 62 503
62 6 503
6 63 6555
63 6 6555
6 64 1876
64 6 1876
6 65 723
65 6 723
6 66 3100
66 6 3100
6 67 6546
67 6 6546
6 68 3913
68 6 3913
6 69 763
69 6 763
7 8 6840
8 7 6840
7 9 134
9 7 134
7 10 6736
10 7 6736
7 11 3256
11 7 3256
7 12 6786
12 7 6786
7 13 4206
13 7 4206
7 14 1952
14 7 1952
7 15 346
15 7 346
7 16 6902
16 7 6902
7 17 5357
17 7 5357
7 18 4987
18 7 4987
7 19 5180
19 7 5180
7 20 3347
20 7 3347
7 21 1502
21 7 1502
7 22 5344
22 7 5344
7 23 3988
23 7 3988
7 24 6221
24 7 6221
7 25 6168
25 7 6168
7 26 3740
26 7 3740
7 27 1743
27 7 1743
7 28 4234
28 7 4234
7 29 3120
29 7 3120
7 30 6644
30 7 6644
7 31 5776
31 7 5776
7 32 2584
32 7 2584
7 33 6760
33 7 6760
7 34 5229
34 7 5229
7 35 5939
35 7 5939
7 36 5724
36 7 5724
7 37 6094
37 7 6094
7 38 5276
38 7 5276
7 39 4718
39 7 4718
7 40 6700
40 7 6700
7 41 3746
41 7 3746
7 42 838
42 7 838
7 43 3447
43 7 3447
7 44 5714
44 7 5714
7 45 5053
45 7 5053
7 46 5556
46 7 5556
7 47 1547
47 7 1547
7 48 3130
48 7 3130
7 49 3617
49 7 3617
7 50 1104
50 7 1104
7 51 1635
51 7 1635
7 52 5772
52 7 5772
7 53 3061
53 7 3061
7 54 2357
54 7 2357
7 55 6668
55 7 6668
7 56 4972
56 7 4972
7 57 1730
57 7 1730
7 58 1230
58 7 1230
7 59 1704
59 7 1704
7 60 4965
60 7 4965
7 61 2767
61 7 2767
7 62 6507
62 7 6507
7 63 447
63 7 447
7 64 7155
64 7 7155
7 65 2189
65 7 2189
7 66 5372
66 7 5372
7 67 6330
67 7 6330
7 68 5093
68 7 5093
7 69 2498
69 7 2498
8 9 5473
9 8 5473
8 10 1810
10 8 1810
8 11 5115
11 8 5115
8 12 3792
12 8 3792
8 13 2790
13 8 2790
8 14 6716
14 8 6716
8 15 1028
15 8 1028
8 16 4049
16 8 4049
8 17 1155
17 8 1155
8 18 4145
18 8 4145
8 19 1090
19 8 1090
8 20 3950
20 8 3950
8 21 5443
21 8 5443
8 22 239
22 8 239
8 23 146
23 8 146
8 24 682
24 8 682
8 25 4263
25 8 4263
8 26 5463
26 8 5463
8 27 2036
27 8 2036
8 28 6204
28 8 6204
8 29 4916
29 8 4916
8 30 3835
30 8 3835
8 31 2484
31 8 2484
8 32 2172
32 8 2172
8 33 1133
33 8 1133
8 34 1939
34 8 1939
8 35 1220
35 8 1220
8 36 5978
36 8 5978
8 37 231
37 8 231
8 38 2937
38 8 2937
8 39 207
39 8 207
8 40 6072
40 8 6072
8 41 3042
41 8 3042
8 42 2439
42 8 2439
8 43 4988
43 8 4988
8 44 1094
44 8 1094
8 45 3285
45 8 3285
8 46 3626
46 8 3626
8 47 7147
47 8 7147
8 48 4186
48 8 4186
8 49 4025
49 8 4025
8 50 3313
50 8 3313
8 51 5849
51 8 5849
8 52 4493
52 8 4493
8 53 6354
53 8 6354
8 54 1183
54 8 1183
8 55 3545
55 8 3545
8 56 3938
56 8 3938
8 57 5495
57 8 5495
8 58 4129
58 8 4129
8 59 6348
59 8 6348
8 60 2824
60 8 2824
8 61 4559
61 8 4559
8 62 6160
62 8 6160
8 63 6117
63 8 6117
8 64 5013
64 8 5013
8 65 6468
65 8 6468
8 66 5561
66 8 5561
8 67 3050
67 8 3050
8 68 2694
68 8 2694
8 69 3821
69 8 3821
9 10 6156
10 9 6156
9 11 5270
11 9 5270
9 12 2903
12 9 2903
9 13 5382
13 9 5382
9 14 2783
14 9 2783
9 15 3772
15 9 3772
9 16 7109
16 9 7109
9 17 7160
17 9 7160
9 18 964
18 9 964
9 19 6537
19 9 6537
9 20 644
20 9 644
9 21 2682
21 9 2682
9 22 1691
22 9 1691
9 23 971
23 9 971
9 24 4753
24 9 4753
9 25 6860
25 9 6860
9 26 1869
26 9 1869
9 27 5601
27 9 5601
9 28 3438
28 9 3438
9 29 186
29 9 186
9 30 3299
30 9 3299
9 31 5704
31 9 5704
9 32 2095
32 9 2095
9 33 7048
33 9 7048
9 34 1017
34 9 1017
9 35 1345
35 9 1345
9 36 29
36 9 29
9 37 2995
37 9 2995
9 38 2025
38 9 2025
9 39 2757
39 9 2757
9 40 3496
40 9 3496
9 41 6501
41 9 6501
9 42 117
42 9 117
9 43 2527
43 9 2527
9 44 924
44 9 924
9 45 6263
45 9 6263
9 46 729
46 9 729
9 47 3006
47 9 3006
9 48 3778
48 9 3778
9 49 1990
49 9 1990
9 50 3887
50 9 3887
9 51 4341
51 9 4341
9 52 4752
52 9 4752
9 53 2242
53 9 2242
9 54 7064
54 9 7064
9 55 6929
55 9 6929
9 56 343
56 9 343
9 57 3367
57 9 3367
9 58 2904
58 9 2904
9 59 5972
59 9 5972
9 60 844
60 9 844
9 61 2799
61 9 2799
9 62 7010
62 9 7010
9 63 736
63 9 736
9 64 281
64 9 281
9 65 1994
65 9 1994
9 66 3531
66 9 3531
9 67 1852
67 9 1852
9 68 291
68 9 291
9 69 608
69 9 608
10 11 5355
11 10 5355
10 12 6402
12 10 6402
10 13 2788
13 10 2788
10 14 5661
14 10 5661
10 15 1367
15 10 1367
10 16 3103
16 10 3103
10 17 4036
17 10 4036
10 18 900
18 10 900
10 19 2398
19 10 2398
10 20 3361
20 10 3361
10 21 2409
21 10 2409
10 22 115
22 10 115
10 23 3758
23 10 3758
10 24 7149
24 10 7149
10 25 6541
25 10 6541
10 26 691
26 10 691
10 27 679
27 10 679
10 28 5617
28 10 5617
10 29 2117
29 10 2117
10 30 1645
30 10 1645
10 31 5907
31 10 5907
10 32 1823
32 10 1823
10 33 2517
33 10 2517
10 34 7141
34 10 7141
10 35 3766
35 10 3766
10 36 3142
36 10 3142
10 37 4887
37 10 4887
10 38 5836
38 10 5836
10 39 1055
39 10 1055
10 40 7125
40 10 7125
10 41 1571
41 10 1571
10 42 4340
42 10 4340
10 43 2167
43 10 2167
10 44 6542
44 10 6542
10 45 4706
45 10 4706
10 46 3949
46 10 3949
10 47 946
47 10 946
10 48 4047
48 10 4047
10 49 6695
49 10 6695
10 50 1706
50 10 1706
10 51 5385
51 10 5385
10 52 6971
52 10 6971
10 53 7222
53 10 7222
10 54 6147
54 10 6147
10 55 4272
55 10 4272
10 56 1278
56 10 1278
10 57 709
57 10 709
10 58 3540
58 10 3540
10 59 2283
59 10 2283
10 60 6847
60 10 6847
10 61 7021
61 10 7021
10 62 1786
62 10 1786
10 63 6806
63 10 6806
10 64 6771
64 10 6771
10 65 636
65 10 636
10 66 146
66 10 146
10 67 3687
67 10 3687
10 68 4482
68 10 4482
10 69 3188
69 10 3188
11 12 2354
12 11 2354
11 13 3541
13 11 3541
11 14 3498
14 11 3498
11 15 7076
15 11 7076
11 16 4873
16 11 4873
11 17 272
17 11 272
11 18 2500
18 11 2500
11 19 178
19 11 178
11 20 703
20 11 703
11 21 3120
21 11 3120
11 22 4006
22 11 4006
11 23 5323
23 11 5323
11 24 416
24 11 416
11 25 5567
25 11 5567
11 26 6682
26 11 6682
11 27 975
27 11 975
11 28 848
28 11 848
11 29 894
29 11 894
11 30 3543
30 11 3543
11 31 1536
31 11 1536
11 32 5829
32 11 5829
11 33 3028
33 11 3028
11 34 5685
34 11 5685
11 35 4457
35 11 4457
11 36 701
36 11 701
11 37 4859
37 11 4859
11 38 6964
38 11 6964
11 39 5686
39 11 5686
11 40 5278
40 11 5278
11 41 1497
41 11 1497
11 42 2528
42 11 2528
11 43 2123
43 11 2123
11 44 4899
44 11 4899
11 45 3793
45 11 3793
11 46 3511
46 11 3511
11 47 5471
47 11 5471
11 48 21
48 11 21
11 49 180
49 11 180
11 50 4468
50 11 4468
11 51 3131
51 11 3131
11 52 2043
52 11 2043
11 53 1310
53 11 1310
11 54 3379
54 11 3379
11 55 191
55 11 191
11 56 2244
56 11 2244
11 57 2839
57 11 2839
11 58 871
58 11 871
11 59 7088
59 11 7088
11 60 4210
60 11 4210
11 61 170
61 11 170
11 62 6694
62 11 6694
11 63 4167
63 11 4167
11 64 4335
64 11 4335
11 65 249
65 11 249
11 66 6823
66 11 6823
11 67 2785
67 11 2785
11 68 1066
68 11 1066
11 69 5806
69 11 5806
12 13 4711
13 12 4711
12 14 5050
14 12 5050
12 15 5750
15 12 5750
12 16 3312
16 12 3312
12 17 4428
17 12 4428
12 18 4520
18 12 4520
12 19 2503
19 12 2503
12 20 4316
20 12 4316
12 21 3901
21 12 3901
12 22 5618
22 12 5618
12 23 177
23 12 177
12 24 2349
24 12 2349
12 25 767
25 12 767
12 26 2524
26 12 2524
12 27 6852
27 12 6852
12 28 3784
28 12 3784
12 29 6315
29 12 6315
12 30 7163
30 12 7163
12 31 3072
31 12 3072
12 32 2079
32 12 2079
12 33 2614
33 12 2614
12 34 2960
34 12 2960
12 35 5157
35 12 5157
12 36 3785
36 12 3785
12 37 489
37 12 489
12 38 6477
38 12 6477
12 39 2724
39 12 2724
12 40 5295
40 12 5295
12 41 218
41 12 218
12 42 5429
42 12 5429
12 43 6625
43 12 6625
12 44 5286
44 12 5286
12 45 6640
45 12 6640
12 46 745
46 12 745
12 47 1017
47 12 1017
12 48 3333
48 12 3333
12 49 2434
49 12 2434
12 50 2783
50 12 2783
12 51 2334
51 12 2334
12 52 5751
52 12 5751
12 53 6760
53 12 6760
12 54 1532
54 12 1532
12 55 2085
55 12 2085
12 56 4408
56 12 4408
12 57 6778
57 12 6778
12 58 1541
58 12 1541
12 59 3558
59 12 3558
12 60 1948
60 12 1948
12 61 575
61 12 575
12 62 4447
62 12 4447
12 63 5639
63 12 5639
12 64 3743
64 12 3743
12 65 2397
65 12 2397
12 66 3986
66 12 3986
12 67 6586
67 12 6586
12 68 4183
68 12 4183
12 69 5535
69 12 5535
13 14 6666
14 13 6666
13 15 533
15 13 533
13 16 6521
16 13 6521
13 17 2592
17 13 2592
13 18 1664
18 13 1664
13 19 5843
19 13 5843
13 20 5721
20 13 5721
13 21 4923
21 13 4923
13 22 5981
22 13 5981
13 23 4444
23 13 4444
13 24 4648
24 13 4648
13 25 1012
25 13 1012
13 26 2147
26 13 2147
13 27 3834
27 13 3834
13 28 4707
28 13 4707
13 29 2542
29 13 2542
13 30 1396
30 13 1396
13 31 6825
31 13 6825
13 32 2455
32 13 2455
13 33 4641
33 13 4641
13 34 4886
34 13 4886
13 35 5354
35 13 5354
13 36 963
36 13 963
13 37 5157
37 13 5157
13 38 551
38 13 551
13 39 1766
39 13 1766
13 40 5949
40 13 5949
13 41 3055
41 13 3055
13 42 5239
42 13 5239
13 43 1134
43 13 1134
13 44 526
44 13 526
13 45 1737
45 13 1737
13 46 3046
46 13 3046
13 47 4544
47 13 4544
13 48 4820
48 13 4820
13 49 6057
49 13 6057
13 50 166
50 13 166
13 51 583
51 13 583
13 52 3570
52 13 3570
13 53 1899
53 13 1899
13 54 2888
54 13 2888
13 55 3309
55 13 3309
13 56 6370
56 13 6370
13 57 3543
57 13 3543
13 58 2841
58 13 2841
13 59 665
59 13 665
13 60 2456
60 13 2456
13 61 2519
61 13 2519
13 62 3655
62 13 3655
13 63 6754
63 13 6754
13 64 381
64 13 381
13 65 3201
65 13 3201
13 66 2637
66 13 2637
13 67 7064
67 13 7064
13 68 3437
68 13 3437
13 69 5612
69 13 5612
14 15 3514
15 14 3514
14 16 5040
16 14 5040
14 17 3750
17 14 3750
14 18 1415
18 14 1415
14 19 5717
19 14 5717
14 20 3445
20 14 3445
14 21 6051
21 14 6051
14 22 4628
22 14 4628
14 23 5010
23 14 5010
14 24 2976
24 14 2976
14 25 744
25 14 744
14 26 2890
26 14 2890
14 27 595
27 14 595
14 28 1144
28 14 1144
14 29 4665
29 14 4665
14 30 3146
30 14 3146
14 31 2345
31 14 2345
14 32 1965
32 14 1965
14 33 5788
33 14 5788
14 34 6300
34 14 6300
14 35 713
35 14 713
14 36 6084
36 14 6084
14 37 2061
37 14 2061
14 38 2791
38 14 2791
14 39 860
39 14 860
14 40 1529
40 14 1529
14 41 6936
41 14 6936
14 42 1743
42 14 1743
14 43 4602
43 14 4602
14 44 316
44 14 316
14 45 6628
45 14 6628
14 46 5556
46 14 5556
14 47 742
47 14 742
14 48 5783
48 14 5783
14 49 597
49 14 597
14 50 3034
50 14 3034
14 51 613
51 14 613
14 52 888
52 14 888
14 53 2774
53 14 2774
14 54 759
54 14 759
14 55 7110
55 14 7110
14 56 2177
56 14 2177
14 57 599
57 14 599
14 58 5772
58 14 5772
14 59 1934
59 14 1934
14 60 2367
60 14 2367
14 61 3622
61 14 3622
14 62 4435
62 14 4435
14 63 5940
63 14 5940
14 64 1090
64 14 1090
14 65 6540
65 14 6540
14 66 5371
66 14 5371
14 67 564
67 14 564
14 68 4519
68 14 4519
14 69 4552
69 14 4552
15 16 4282
16 15 4282
15 17 5813
17 15 5813
15 18 5361
18 15 5361
15 19 2376
19 15 2376
15 20 4387
20 15 4387
15 21 4982
21 15 4982
15 22 2390
22 15 2390
15 23 849
23 15 849
15 24 3613
24 15 3613
15 25 4964
25 15 4964
15 26 4620
26 15 4620
15 27 2183
27 15 2183
15 28 2386
28 15 2386
15 29 3586
29 15 3586
15 30 590
30 15 590
15 31 4013
31 15 4013
15 32 1888
32 15 1888
15 33 6890
33 15 6890
15 34 4352
34 15 4352
15 35 1558
35 15 1558
15 36 6902
36 15 6902
15 37 6706
37 15 6706
15 38 6105
38 15 6105
15 39 4383
39 15 4383
15 40 2970
40 15 2970
15 41 4137
41 15 4137
15 42 1908
42 15 1908
15 43 1826
43 15 1826
15 44 6325
44 15 6325
15 45 1198
45 15 1198
15 46 6177
46 15 6177
15 47 831
47 15 831
15 48 6545
48 15 6545
15 49 5796
49 15 5796
15 50 5110
50 15 5110
15 51 6061
51 15 6061
15 52 3002
52 15 3002
15 53 5822
53 15 5822
15 54 3979
54 15 3979
15 55 3469
55 15 3469
15 56 2734
56 15 2734
15 57 2548
57 15 2548
15 58 257
58 15 257
15 59 153
59 15 153
15 60 3600
60 15 3600
15 61 2878
61 15 2878
15 62 2439
62 15 2439
15 63 4952
63 15 4952
15 64 868
64 15 868
15 65 606
65 15 606
15 66 3726
66 15 3726
15 67 7133
67 15 7133
15 68 5325
68 15 5325
15 69 6769
69 15 6769
16 17 6017
17 16 6017
16 18 3226
18 16 3226
16 19 5532
19 16 5532
16 20 3251
20 16 3251
16 21 4171
21 16 4171
16 22 5918
22 16 5918
16 23 1276
23 16 1276
16 24 1031
24 16 1031
16 25 4587
25 16 4587
16 26 2301
26 16 2301
16 27 5040
27 16 5040
16 28 2793
28 16 2793
16 29 1250
29 16 1250
16 30 5237
30 16 5237
16 31 7188
31 16 7188
16 32 6575
32 16 6575
16 33 5388
33 16 5388
16 34 3847
34 16 3847
16 35 4608
35 16 4608
16 36 4276
36 16 4276
16 37 540
37 16 540
16 38 343
38 16 343
16 39 5851
39 16 5851
16 40 1050
40 16 1050
16 41 1074
41 16 1074
16 42 603
42 16 603
16 43 1020
43 16 1020
16 44 5204
44 16 5204
16 45 4573
45 16 4573
16 46 3974
46 16 3974
16 47 898
47 16 898
16 48 298
48 16 298
16 49 2787
49 16 2787
16 50 2475
50 16 2475
16 51 2542
51 16 2542
16 52 2581
52 16 2581
16 53 6208
53 16 6208
16 54 2575
54 16 2575
16 55 2031
55 16 2031
16 56 3776
56 16 3776
16 57 3611
57 16 3611
16 58 2261
58 16 2261
16 59 7020
59 16 7020
16 60 847
60 16 847
16 61 2384
61 16 2384
16 62 5923
62 16 5923
16 63 2901
63 16 2901
16 64 156
64 16 156
16 65 3414
65 16 3414
16 66 3153
66 16 3153
16 67 621
67 16 621
16 68 4703
68 16 4703
16 69 142
69 16 142
17 18 6649
18 17 6649
17 19 2682
19 17 2682
17 20 1633
20 17 1633
17 21 4499
21 17 4499
17 22 3192
22 17 3192
17 23 8
23 17 8
17 24 2241
24 17 2241
17 25 5060
25 17 5060
17 26 1462
26 17 1462
17 27 6196
27 17 6196
17 28 4937
28 17 4937
17 29 1957
29 17 1957
17 30 1553
30 17 1553
17 31 133
31 17 133
17 32 1191
32 17 1191
17 33 1760
33 17 1760
17 34 861
34 17 861
17 35 470
35 17 470
17 36 5860
36 17 5860
17 37 3038
37 17 3038
17 38 3036
38 17 3036
17 39 6652
39 17 6652
17 40 46
40 17 46
17 41 4204
41 17 4204
17 42 3883
42 17 3883
17 43 1902
43 17 1902
17 44 2578
44 17 2578
17 45 504
45 17 504
17 46 4980
46 17 4980
17 47 887
47 17 887
17 48 3539
48 17 3539
17 49 6259
49 17 6259
17 50 2375
50 17 2375
17 51 163
51 17 163
17 52 699
52 17 699
17 53 1404
53 17 1404
17 54 4660
54 17 4660
17 55 6551
55 17 6551
17 56 6526
56 17 6526
17 57 32
57 17 32
17 58 841
58 17 841
17 59 547
59 17 547
17 60 5034
60 17 5034
17 61 73
61 17 73
17 62 2214
62 17 2214
17 63 381
63 17 381
17 64 2491
64 17 2491
17 65 1103
65 17 1103
17 66 6279
66 17 6279
17 67 3618
67 17 3618
17 68 4771
68 17 4771
17 69 2742
69 17 2742
18 19 2275
19 18 2275
18 20 3962
20 18 3962
18 21 288
21 18 288
18 22 2725
22 18 2725
18 23 1125
23 18 1125
18 24 5998
24 18 5998
18 25 5056
25 18 5056
18 26 3684
26 18 3684
18 27 2674
27 18 2674
18 28 2993
28 18 2993
18 29 3042
29 18 3042
18 30 2503
30 18 2503
18 31 4317
31 18 4317
18 32 6615
32 18 6615
18 33 4083
33 18 4083
18 34 4579
34 18 4579
18 35 5224
35 18 5224
18 36 5882
36 18 5882
18 37 3467
37 18 3467
18 38 3368
38 18 3368
18 39 1967
39 18 1967
18 40 3849
40 18 3849
18 41 7085
41 18 7085
18 42 4666
42 18 4666
18 43 6431
43 18 6431
18 44 6375
44 18 6375
18 45 3484
45 18 3484
18 46 6355
46 18 6355
18 47 5907
47 18 5907
18 48 6785
48 18 6785
18 49 839
49 18 839
18 50 4332
50 18 4332
18 51 142
51 18 142
18 52 2076
52 18 2076
18 53 609
53 18 609
18 54 2871
54 18 2871
18 55 4051
55 18 4051
18 56 3623
56 18 3623
18 57 853
57 18 853
18 58 775
58 18 775
18 59 7140
59 18 7140
18 60 2534
60 18 2534
18 61 3249
61 18 3249
18 62 1035
62 18 1035
18 63 6276
63 18 6276
18 64 6186
64 18 6186
18 65 503
65 18 503
18 66 3837
66 18 3837
18 67 1045
67 18 1045
18 68 6815
68 18 6815
18 69 5409
69 18 5409
19 20 5219
20 19 5219
19 21 4170
21 19 4170
19 22 913
22 19 913
19 23 2699
23 19 2699
19 24 5291
24 19 5291
19 25 5386
25 19 5386
19 26 553
26 19 553
19 27 7081
27 19 7081
19 28 1516
28 19 1516
19 29 2862
29 19 2862
19 30 3434
30 19 3434
19 31 444
31 19 444
19 32 1723
32 19 1723
19 33 1948
33 19 1948
19 34 3897
34 19 3897
19 35 6274
35 19 6274
19 36 6751
36 19 6751
19 37 4520
37 19 4520
19 38 5780
38 19 5780
19 39 3988
39 19 3988
19 40 4855
40 19 4855
19 41 1080
41 19 1080
19 42 448
42 19 448
19 43 2285
43 19 2285
19 44 2977
44 19 2977
19 45 4977
45 19 4977
19 46 4554
46 19 4554
19 47 2551
47 19 2551
19 48 4763
48 19 4763
19 49 3966
49 19 3966
19 50 585
50 19 585
19 51 4412
51 19 4412
19 52 418
52 19 418
19 53 3158
53 19 3158
19 54 4146
54 19 4146
19 55 7223
55 19 7223
19 56 2692
56 19 2692
19 57 1065
57 19 1065
19 58 1054
58 19 1054
19 59 370
59 19 370
19 60 3797
60 19 3797
19 61 6340
61 19 6340
19 62 1075
62 19 1075
19 63 777
63 19 777
19 64 663
64 19 663
19 65 4076
65 19 4076
19 66 2680
66 19 2680
19 67 2380
67 19 2380
19 68 3628
68 19 3628
19 69 632
69 19 632
20 21 2505
21 20 2505
20 22 1801
22 20 1801
20 23 6851
23 20 6851
20 24 3910
24 20 3910
20 25 5161
25 20 5161
20 26 5383
26 20 5383
20 27 6360
27 20 6360
20 28 2100
28 20 2100
20 29 5595
29 20 5595
20 30 4978
30 20 4978
20 31 4724
31 20 4724
20 32 4713
32 20 4713
20 33 3594
33 20 3594
20 34 6102
34 20 6102
20 35 4351
35 20 4351
20 36 6861
36 20 6861
20 37 930
37 20 930
20 38 6201
38 20 6201
20 39 7161
39 20 7161
20 40 1918
40 20 1918
20 41 1335
41 20 1335
20 42 6832
42 20 6832
20 43 6000
43 20 6000
20 44 6808
44 20 6808
20 45 3504
45 20 3504
20 46 5413
46 20 5413
20 47 4958
47 20 4958
20 48 2921
48 20 2921
20 49 4100
49 20 4100
20 50 4729
50 20 4729
20 51 6050
51 20 6050
20 52 7160
52 20 7160
20 53 5257
53 20 5257
20 54 1886
54 20 1886
20 55 4863
55 20 4863
20 56 5174
56 20 5174
20 57 3189
57 20 3189
20 58 3611
58 20 3611
20 59 118
59 20 118
20 60 3503
60 20 3503
20 61 5734
61 20 5734
20 62 2941
62 20 2941
20 63 6102
63 20 6102
20 64 1351
64 20 1351
20 65 4278
65 20 4278
20 66 104
66 20 104
20 67 2102
67 20 2102
20 68 1050
68 20 1050
20 69 6043
69 20 6043
21 22 3543
22 21 3543
21 23 166
23 21 166
21 24 6129
24 21 6129
21 25 2972
25 21 2972
21 26 6508
26 21 6508
21 27 71
27 21 71
21 28 6161
28 21 6161
21 29 171
29 21 171
21 30 4888
30 21 4888
21 31 4513
31 21 4513
21 32 4364
32 21 4364
21 33 2358
33 21 2358
21 34 1800
34 21 1800
21 35 7174
35 21 7174
21 36 4254
36 21 4254
21 37 4662
37 21 4662
21 38 6706
38 21 6706
21 39 4313
39 21 4313
21 40 2452
40 21 2452
21 41 904
41 21 904
21 42 996
42 21 996
21 43 232
43 21 232
21 44 5554
44 21 5554
21 45 4496
45 21 4496
21 46 6796
46 21 6796
21 47 6466
47 21 6466
21 48 6607
48 21 6607
21 49 4943
49 21 4943
21 50 2819
50 21 2819
21 51 6661
51 21 6661
21 52 5406
52 21 5406
21 53 4859
53 21 4859
21 54 6437
54 21 6437
21 55 1923
55 21 1923
21 56 344
56 21 344
21 57 4524
57 21 4524
21 58 1072
58 21 1072
21 59 5541
59 21 5541
21 60 3669
60 21 3669
21 61 4109
61 21 4109
21 62 2355
62 21 2355
21 63 2629
63 21 2629
21 64 2591
64 21 2591
21 65 6852
65 21 6852
21 66 3957
66 21 3957
21 67 6753
67 21 6753
21 68 360
68 21 360
21 69 5609
69 21 5609
22 23 3217
23 22 3217
22 24 6859
24 22 6859
22 25 2158
25 22 2158
22 26 1882
26 22 1882
22 27 796
27 22 796
22 28 1130
28 22 1130
22 29 4727
29 22 4727
22 30 5929
30 22 5929
22 31 2376
31 22 2376
22 32 4807
32 22 4807
22 33 4055
33 22 4055
22 34 1596
34 22 1596
22 35 2021
35 22 2021
22 36 4869
36 22 4869
22 37 5254
37 22 5254
22 38 4122
38 22 4122
22 39 4391
39 22 4391
22 40 4425
40 22 4425
22 41 4438
41 22 4438
22 42 5073
42 22 5073
22 43 2918
43 22 2918
22 44 4481
44 22 4481
22 45 689
45 22 689
22 46 6746
46 22 6746
22 47 3266
47 22 3266
22 48 6381
48 22 6381
22 49 4268
49 22 4268
22 50 973
50 22 973
22 51 6173
51 22 6173
22 52 6814
52 22 6814
22 53 172
53 22 172
22 54 6887
54 22 6887
22 55 706
55 22 706
22 56 4729
56 22 4729
22 57 1560
57 22 1560
22 58 1764
58 22 1764
22 59 5620
59 22 5620
22 60 5245
60 22 5245
22 61 1430
61 22 1430
22 62 7021
62 22 7021
22 63 1902
63 22 1902
22 64 5528
64 22 5528
22 65 5107
65 22 5107
22 66 1939
66 22 1939
22 67 3950
67 22 3950
22 68 5722
68 22 5722
22 69 170
69 22 170
23 24 580
24 23 580
23 25 3798
25 23 3798
23 26 1965
26 23 1965
23 27 6189
27 23 6189
23 28 1567
28 23 1567
23 29 5594
29 23 5594
23 30 980
30 23 980
23 31 5589
31 23 5589
23 32 3477
32 23 3477
23 33 4672
33 23 4672
23 34 6625
34 23 6625
23 35 4604
35 23 4604
23 36 843
36 23 843
23 37 6912
37 23 6912
23 38 4489
38 23 4489
23 39 3081
39 23 3081
23 40 1980
40 23 1980
23 41 6454
41 23 6454
23 42 5289
42 23 5289
23 43 5758
43 23 5758
23 44 3592
44 23 3592
23 45 2798
45 23 2798
23 46 5756
46 23 5756
23 47 4053
47 23 4053
23 48 2372
48 23 2372
23 49 1228
49 23 1228
23 50 6262
50 23 6262
23 51 498
51 23 498
23 52 3759
52 23 3759
23 53 7179
53 23 7179
23 54 3149
54 23 3149
23 55 4890
55 23 4890
23 56 1078
56 23 1078
23 57 7160
57 23 7160
23 58 6056
58 23 6056
23 59 2248
59 23 2248
23 60 3867
60 23 3867
23 61 4361
61 23 4361
23 62 1201
62 23 1201
23 63 537
63 23 537
23 64 3965
64 23 3965
23 65 6127
65 23 6127
23 66 3945
66 23 3945
23 67 2625
67 23 2625
23 68 4834
68 23 4834
23 69 5933
69 23 5933
24 25 6103
25 24 6103
24 26 6549
26 24 6549
24 27 1990
27 24 1990
24 28 376
28 24 376
24 29 2535
29 24 2535
24 30 4642
30 24 4642
24 31 6929
31 24 6929
24 32 5251
32 24 5251
24 33 3934
33 24 3934
24 34 6516
34 24 6516
24 35 10
35 24 10
24 36 79
36 24 79
24 37 4825
37 24 4825
24 38 1085
38 24 1085
24 39 1451
39 24 1451
24 40 3055
40 24 3055
24 41 3540
41 24 3540
24 42 1412
42 24 1412
24 43 1912
43 24 1912
24 44 6031
44 24 6031
24 45 1203
45 24 1203
24 46 996
46 24 996
24 47 3982
47 24 3982
24 48 2758
48 24 2758
24 49 4895
49 24 4895
24 50 3233
50 24 3233
24 51 6893
51 24 6893
24 52 35
52 24 35
24 53 1284
53 24 1284
24 54 3929
54 24 3929
24 55 1825
55 24 1825
24 56 1297
56 24 1297
24 57 5849
57 24 5849
24 58 2936
58 24 2936
24 59 6508
59 24 6508
24 60 1078
60 24 1078
24 61 5988
61 24 5988
24 62 142
62 24 142
24 63 1615
63 24 1615
24 64 7134
64 24 7134
24 65 2396
65 24 2396
24 66 1059
66 24 1059
24 67 2201
67 24 2201
24 68 4154
68 24 4154
24 69 5154
69 24 5154
25 26 4552
26 25 4552
25 27 2747
27 25 2747
25 28 2564
28 25 2564
25 29 1120
29 25 1120
25 30 3391
30 25 3391
25 31 7041
31 25 7041
25 32 3589
32 25 3589
25 33 6343
33 25 6343
25 34 5113
34 25 5113
25 35 4533
35 25 4533
25 36 6526
36 25 6526
25 37 1077
37 25 1077
25 38 3392
38 25 3392
25 39 4346
39 25 4346
25 40 3921
40 25 3921
25 41 2085
41 25 2085
25 42 4294
42 25 4294
25 43 7168
43 25 7168
25 44 6150
44 25 6150
25 45 3543
45 25 3543
25 46 1799
46 25 1799
25 47 2238
47 25 2238
25 48 2509
48 25 2509
25 49 1900
49 25 1900
25 50 1739
50 25 1739
25 51 1581
51 25 1581
25 52 7151
52 25 7151
25 53 677
53 25 677
25 54 6043
54 25 6043
25 55 3054
55 25 3054
25 56 5837
56 25 5837
25 57 6073
57 25 6073
25 58 2442
58 25 2442
25 59 3338
59 25 3338
25 60 4727
60 25 4727
25 61 6325
61 25 6325
25 62 6101
62 25 6101
25 63 6935
63 25 6935
25 64 4634
64 25 4634
25 65 380
65 25 380
25 66 6618
66 25 6618
25 67 7156
67 25 7156
25 68 953
68 25 953
25 69 5223
69 25 5223
26 27 3625
27 26 3625
26 28 650
28 26 650
26 29 1279
29 26 1279
26 30 6311
30 26 6311
26 31 7047
31 26 7047
26 32 6894
32 26 6894
26 33 3618
33 26 3618
26 34 4884
34 26 4884
26 35 6039
35 26 6039
26 36 2040
36 26 2040
26 37 5253
37 26 5253
26 38 1045
38 26 1045
26 39 5556
39 26 5556
26 40 3124
40 26 3124
26 41 5848
41 26 5848
26 42 2121
42 26 2121
26 43 5543
43 26 5543
26 44 1176
44 26 1176
26 45 5460
45 26 5460
26 46 5936
46 26 5936
26 47 803
47 26 803
26 48 2149
48 26 2149
26 49 5245
49 26 5245
26 50 2369
50 26 2369
26 51 4807
51 26 4807
26 52 2902
52 26 2902
26 53 1614
53 26 1614
26 54 7240
54 26 7240
26 55 4618
55 26 4618
26 56 835
56 26 835
26 57 6540
57 26 6540
26 58 3036
58 26 3036
26 59 6737
59 26 6737
26 60 6044
60 26 6044
26 61 2520
61 26 2520
26 62 2106
62 26 2106
26 63 674
63 26 674
26 64 4811
64 26 4811
26 65 6290
65 26 6290
26 66 7014
66 26 7014
26 67 6931
67 26 6931
26 68 2278
68 26 2278
26 69 2684
69 26 2684
27 28 4003
28 27 4003
27 29 1605
29 27 1605
27 30 5336
30 27 5336
27 31 7224
31 27 7224
27 32 3800
32 27 3800
27 33 5198
33 27 5198
27 34 5254
34 27 5254
27 35 6364
35 27 6364
27 36 2008
36 27 2008
27 37 214
37 27 214
27 38 4101
38 27 4101
27 39 3032
39 27 3032
27 40 3144
40 27 3144
27 41 6598
41 27 6598
27 42 5261
42 27 5261
27 43 1743
43 27 1743
27 44 2184
44 27 2184
27 45 2681
45 27 2681
27 46 4127
46 27 4127
27 47 6326
47 27 6326
27 48 31
48 27 31
27 49 687
49 27 687
27 50 1177
50 27 1177
27 51 2846
51 27 2846
27 52 7127
52 27 7127
27 53 771
53 27 771
27 54 2793
54 27 2793
27 55 1481
55 27 1481
27 56 6591
56 27 6591
27 57 2269
57 27 2269
27 58 5647
58 27 5647
27 59 3776
59 27 3776
27 60 4757
60 27 4757
27 61 3487
61 27 3487
27 62 5295
62 27 5295
27 63 1439
63 27 1439
27 64 4310
64 27 4310
27 65 18
65 27 18
27 66 3756
66 27 3756
27 67 4084
67 27 4084
27 68 5403
68 27 5403
27 69 3007
69 27 3007
28 29 2004
29 28 2004
28 30 983
30 28 983
28 31 1572
31 28 1572
28 32 188
32 28 188
28 33 3443
33 28 3443
28 34 3913
34 28 3913
28 35 3156
35 28 3156
28 36 527
36 28 527
28 37 6791
37 28 6791
28 38 4636
38 28 4636
28 39 1696
39 28 1696
28 40 4221
40 28 4221
28 41 2060
41 28 2060
28 42 3211
42 28 3211
28 43 2496
43 28 2496
28 44 1729
44 28 1729
28 45 4062
45 28 4062
28 46 5217
46 28 5217
28 47 1895
47 28 1895
28 48 4531
48 28 4531
28 49 5116
49 28 5116
28 50 1451
50 28 1451
28 51 5308
51 28 5308
28 52 4928
52 28 4928
28 53 2565
53 28 2565
28 54 5633
54 28 5633
28 55 5353
55 28 5353
28 56 3403
56 28 3403
28 57 3974
57 28 3974
28 58 811
58 28 811
28 59 2926
59 28 2926
28 60 2624
60 28 2624
28 61 2812
61 28 2812
28 62 3319
62 28 3319
28 63 182
63 28 182
28 64 695
64 28 695
28 65 4112
65 28 4112
28 66 2002
66 28 2002
28 67 145
67 28 145
28 68 1412
68 28 1412
28 69 7225
69 28 7225
29 30 3344
30 29 3344
29 31 1253
31 29 1253
29 32 4844
32 29 4844
29 33 3496
33 29 3496
29 34 4371
34 29 4371
29 35 4416
35 29 4416
29 36 5008
36 29 5008
29 37 4699
37 29 4699
29 38 5285
38 29 5285
29 39 5075
39 29 5075
29 40 6714
40 29 6714
29 41 5229
41 29 5229
29 42 5260
42 29 5260
29 43 3899
43 29 3899
29 44 5773
44 29 5773
29 45 814
45 29 814
29 46 6492
46 29 6492
29 47 4538
47 29 4538
29 48 714
48 29 714
29 49 4039
49 29 4039
29 50 3167
50 29 3167
29 51 5480
51 29 5480
29 52 3936
52 29 3936
29 53 5780
53 29 5780
29 54 2515
54 29 2515
29 55 7041
55 29 7041
29 56 5612
56 29 5612
29 57 4792
57 29 4792
29 58 3798
58 29 3798
29 59 5639
59 29 5639
29 60 4750
60 29 4750
29 61 2158
61 29 2158
29 62 5256
62 29 5256
29 63 4629
63 29 4629
29 64 5163
64 29 5163
29 65 4621
65 29 4621
29 66 5885
66 29 5885
29 67 3915
67 29 3915
29 68 159
68 29 159
29 69 3763
69 29 3763
30 31 5825
31 30 5825
30 32 1263
32 30 1263
30 33 1616
33 30 1616
30 34 7045
34 30 7045
30 35 3177
35 30 3177
30 36 1803
36 30 1803
30 37 6867
37 30 6867
30 38 1027
38 30 1027
30 39 6084
39 30 6084
30 40 315
40 30 315
30 41 6720
41 30 6720
30 42 2811
42 30 2811
30 43 4207
43 30 4207
30 44 1561
44 30 1561
30 45 5176
45 30 5176
30 46 3612
46 30 3612
30 47 2215
47 30 2215
30 48 2679
48 30 2679
30 49 1475
49 30 1475
30 50 1912
50 30 1912
30 51 6958
51 30 6958
30 52 4750
52 30 4750
30 53 6349
53 30 6349
30 54 2370
54 30 2370
30 55 3211
55 30 3211
30 56 5046
56 30 5046
30 57 6358
57 30 6358
30 58 3215
58 30 3215
30 59 6284
59 30 6284
30 60 996
60 30 996
30 61 4889
61 30 4889
30 62 281
62 30 281
30 63 5111
63 30 5111
30 64 2431
64 30 2431
30 65 5646
65 30 5646
30 66 2952
66 30 2952
30 67 6365
67 30 6365
30 68 3180
68 30 3180
30 69 6065
69 30 6065
31 32 2658
32 31 2658
31 33 530
33 31 530
31 34 490
34 31 490
31 35 7124
35 31 7124
31 36 3575
36 31 3575
31 37 5259
37 31 5259
31 38 450
38 31 450
31 39 3033
39 31 3033
31 40 4834
40 31 4834
31 41 2713
41 31 2713
31 42 6527
42 31 6527
31 43 6624
43 31 6624
31 44 757
44 31 757
31 45 3187
45 31 3187
31 46 5846
46 31 5846
31 47 1539
47 31 1539
31 48 785
48 31 785
31 49 5990
49 31 5990
31 50 4769
50 31 4769
31 51 1505
51 31 1505
31 52 6332
52 31 6332
31 53 1087
53 31 1087
31 54 861
54 31 861
31 55 6736
55 31 6736
31 56 5479
56 31 5479
31 57 6991
57 31 6991
31 58 2553
58 31 2553
31 59 2007
59 31 2007
31 60 6891
60 31 6891
31 61 2269
61 31 2269
31 62 2305
62 31 2305
31 63 945
63 31 945
31 64 4194
64 31 4194
31 65 1064
65 31 1064
31 66 5955
66 31 5955
31 67 877
67 31 877
31 68 6080
68 31 6080
31 69 5330
69 31 5330
32 33 1702
33 32 1702
32 34 5841
34 32 5841
32 35 1284
35 32 1284
32 36 183
36 32 183
32 37 965
37 32 965
32 38 2442
38 32 2442
32 39 1766
39 32 1766
32 40 3310
40 32 3310
32 41 5052
41 32 5052
32 42 1879
42 32 1879
32 43 7052
43 32 7052
32 44 3223
44 32 3223
32 45 6436
45 32 6436
32 46 1209
46 32 1209
32 47 5032
47 32 5032
32 48 470
48 32 470
32 49 3252
49 32 3252
32 50 6394
50 32 6394
32 51 6428
51 32 6428
32 52 5920
52 32 5920
32 53 3937
53 32 3937
32 54 743
54 32 743
32 55 2580
55 32 2580
32 56 2618
56 32 2618
32 57 5379
57 32 5379
32 58 6644
58 32 6644
32 59 3211
59 32 3211
32 60 6552
60 32 6552
32 61 3318
61 32 3318
32 62 5153
62 32 5153
32 63 1537
63 32 1537
32 64 6770
64 32 6770
32 65 1663
65 32 1663
32 66 982
66 32 982
32 67 1913
67 32 1913
32 68 418
68 32 418
32 69 1916
69 32 1916
33 34 2720
34 33 2720
33 35 2783
35 33 2783
33 36 4864
36 33 4864
33 37 7179
37 33 7179
33 38 1571
38 33 1571
33 39 3810
39 33 3810
33 40 2239
40 33 2239
33 41 5507
41 33 5507
33 42 5188
42 33 5188
33 43 171
43 33 171
33 44 4086
44 33 4086
33 45 1532
45 33 1532
33 46 831
46 33 831
33 47 527
47 33 527
33 48 4826
48 33 4826
33 49 1984
49 33 1984
33 50 4325
50 33 4325
33 51 3042
51 33 3042
33 52 1281
52 33 1281
33 53 3016
53 33 3016
33 54 3339
54 33 3339
33 55 4302
55 33 4302
33 56 5027
56 33 5027
33 57 1992
57 33 1992
33 58 2951
58 33 2951
33 59 6277
59 33 6277
33 60 5032
60 33 5032
33 61 1074
61 33 1074
33 62 2758
62 33 2758
33 63 3312
63 33 3312
33 64 2002
64 33 2002
33 65 3021
65 33 3021
33 66 3455
66 33 3455
33 67 5021
67 33 5021
33 68 2923
68 33 2923
33 69 2472
69 33 2472
34 35 6138
35 34 6138
34 36 6630
36 34 6630
34 37 121
37 34 121
34 38 5134
38 34 5134
34 39 6242
39 34 6242
34 40 1630
40 34 1630
34 41 6196
41 34 6196
34 42 6810
42 34 6810
34 43 2542
43 34 2542
34 44 3362
44 34 3362
34 45 1907
45 34 1907
34 46 2483
46 34 2483
34 47 1890
47 34 1890
34 48 3455
48 34 3455
34 49 6707
49 34 6707
34 50 545
50 34 545
34 51 6865
51 34 6865
34 52 2525
52 34 2525
34 53 3345
53 34 3345
34 54 1916
54 34 1916
34 55 6731
55 34 6731
34 56 2562
56 34 2562
34 57 5918
57 34 5918
34 58 5071
58 34 5071
34 59 7178
59 34 7178
34 60 1582
60 34 1582
34 61 4887
61 34 4887
34 62 3843
62 34 3843
34 63 5798
63 34 5798
34 64 1527
64 34 1527
34 65 6154
65 34 6154
34 66 608
66 34 608
34 67 3895
67 34 3895
34 68 4049
68 34 4049
34 69 5169
69 34 5169
35 36 5801
36 35 5801
35 37 1867
37 35 1867
35 38 4301
38 35 4301
35 39 4978
39 35 4978
35 40 5843
40 35 5843
35 41 5504
41 35 5504
35 42 4413
42 35 4413
35 43 2074
43 35 2074
35 44 774
44 35 774
35 45 6661
45 35 6661
35 46 6172
46 35 6172
35 47 2381
47 35 2381
35 48 6263
48 35 6263
35 49 774
49 35 774
35 50 2866
50 35 2866
35 51 1257
51 35 1257
35 52 2918
52 35 2918
35 53 5374
53 35 5374
35 54 2982
54 35 2982
35 55 740
55 35 740
35 56 689
56 35 689
35 57 519
57 35 519
35 58 1654
58 35 1654
35 59 2319
59 35 2319
35 60 1801
60 35 1801
35 61 2581
61 35 2581
35 62 4881
62 35 4881
35 63 3774
63 35 3774
35 64 189
64 35 189
35 65 4032
65 35 4032
35 66 197
66 35 197
35 67 2325
67 35 2325
35 68 2952
68 35 2952
35 69 894
69 35 894
36 37 2470
37 36 2470
36 38 2540
38 36 2540
36 39 2512
39 36 2512
36 40 4089
40 36 4089
36 41 3755
41 36 3755
36 42 6664
42 36 6664
36 43 5247
43 36 5247
36 44 6091
44 36 6091
36 45 4868
45 36 4868
36 46 6432
46 36 6432
36 47 6211
47 36 6211
36 48 6412
48 36 6412
36 49 5625
49 36 5625
36 50 1305
50 36 1305
36 51 3940
51 36 3940
36 52 3334
52 36 3334
36 53 5629
53 36 5629
36 54 3058
54 36 3058
36 55 3439
55 36 3439
36 56 883
56 36 883
36 57 2407
57 36 2407
36 58 3845
58 36 3845
36 59 5918
59 36 5918
36 60 2995
60 36 2995
36 61 4495
61 36 4495
36 62 4089
62 36 4089
36 63 6955
63 36 6955
36 64 1514
64 36 1514
36 65 4721
65 36 4721
36 66 6735
66 36 6735
36 67 5664
67 36 5664
36 68 6814
68 36 6814
36 69 5734
69 36 5734
37 38 1078
38 37 1078
37 39 6070
39 37 6070
37 40 2889
40 37 2889
37 41 4566
41 37 4566
37 42 3892
42 37 3892
37 43 5578
43 37 5578
37 44 3577
44 37 3577
37 45 6500
45 37 6500
37 46 332
46 37 332
37 47 649
47 37 649
37 48 5039
48 37 5039
37 49 2749
49 37 2749
37 50 4909
50 37 4909
37 51 796
51 37 796
37 52 4605
52 37 4605
37 53 4544
53 37 4544
37 54 6609
54 37 6609
37 55 6148
55 37 6148
37 56 681
56 37 681
37 57 2203
57 37 2203
