70 3622
0 23 467
23 0 467
0 50 2129
50 0 2129
0 10 2031
10 0 2031
0 60 2644
60 0 2644
0 35 2060
35 0 2060
0 26 4891
26 0 4891
0 18 3977
18 0 3977
0 58 846
58 0 846
0 5 111
5 0 111
0 12 2753
12 0 2753
0 40 290
40 0 290
0 24 1697
24 0 1697
0 47 3480
47 0 3480
0 2 973
2 0 973
0 15 2250
15 0 2250
0 42 691
42 0 691
0 28 4094
28 0 4094
0 62 2903
62 0 2903
0 31 3727
31 0 3727
0 49 4989
49 0 4989
0 43 2797
43 0 2797
0 4 576
4 0 576
0 51 888
51 0 888
0 25 4561
25 0 4561
0 30 395
30 0 395
0 46 4272
46 0 4272
0 66 4582
66 0 4582
0 48 3026
48 0 3026
0 14 1052
14 0 1052
0 53 2325
53 0 2325
0 68 2900
68 0 2900
0 69 3702
69 0 3702
0 34 1935
34 0 1935
0 27 2351
27 0 2351
0 54 1505
54 0 1505
0 56 3439
56 0 3439
0 63 4387
63 0 4387
0 20 2883
20 0 2883
0 11 4066
11 0 4066
0 44 551
44 0 551
0 38 1034
38 0 1034
0 67 1596
67 0 1596
0 37 4375
37 0 4375
0 8 3973
8 0 3973
0 65 432
65 0 432
0 1 3289
1 0 3289
0 21 4166
21 0 4166
0 13 113
13 0 113
0 59 1654
59 0 1654
0 9 1912
9 0 1912
0 55 5415
55 0 5415
1 38 582
38 1 582
1 57 205
57 1 205
1 6 3553
6 1 3553
1 5 581
5 1 581
1 47 1505
47 1 1505
1 48 5157
48 1 5157
1 26 292
26 1 292
1 4 3586
4 1 3586
1 50 3363
50 1 3363
1 58 2713
58 1 2713
1 52 3214
52 1 3214
1 8 4858
8 1 4858
1 15 4263
15 1 4263
1 63 2349
63 1 2349
1 31 5096
31 1 5096
1 9 2664
9 1 2664
1 68 1471
68 1 1471
1 20 2994
20 1 2994
1 30 2213
30 1 2213
1 45 4273
45 1 4273
1 67 1802
67 1 1802
1 18 2252
18 1 2252
1 21 1859
21 1 1859
1 53 3063
53 1 3063
1 32 3940
32 1 3940
1 51 4257
51 1 4257
1 59 2792
59 1 2792
1 17 3966
17 1 3966
1 22 3023
22 1 3023
1 61 5264
61 1 5264
1 11 461
11 1 461
1 55 19
55 1 19
1 40 107
40 1 107
1 19 551
19 1 551
1 66 155
66 1 155
1 23 858
23 1 858
1 25 127
25 1 127
1 35 1069
35 1 1069
1 41 4396
41 1 4396
1 34 1644
34 1 1644
1 62 2993
62 1 2993
1 14 2600
14 1 2600
2 30 2202
30 2 2202
2 7 1614
7 2 1614
2 17 421
17 2 421
2 56 1963
56 2 1963
2 5 1299
5 2 1299
2 42 1799
42 2 1799
2 53 42
53 2 42
2 22 2368
22 2 2368
2 20 1361
20 2 1361
2 64 3133
64 2 3133
2 25 4032
25 2 4032
2 34 3883
34 2 3883
2 44 892
44 2 892
2 68 1224
68 2 1224
2 18 1589
18 2 1589
2 50 847
50 2 847
2 41 1578
41 2 1578
2 12 1329
12 2 1329
2 39 2423
39 2 2423
2 43 4240
43 2 4240
2 48 4735
48 2 4735
2 49 1851
49 2 1851
2 14 3271
14 2 3271
2 33 885
33 2 885
2 24 2999
24 2 2999
2 46 2159
46 2 2159
2 19 2155
19 2 2155
2 66 5196
66 2 5196
2 47 3306
47 2 3306
2 3 4858
3 2 4858
2 60 3156
60 2 3156
2 65 1005
65 2 1005
2 51 1024
51 2 1024
2 37 3053
37 2 3053
2 59 2240
59 2 2240
2 63 2212
63 2 2212
2 29 5024
29 2 5024
2 40 3053
40 2 3053
2 69 4895
69 2 4895
2 11 2521
11 2 2521
2 58 2213
58 2 2213
2 35 4649
35 2 4649
2 13 4704
13 2 4704
2 21 4362
21 2 4362
2 62 2422
62 2 2422
2 6 2778
6 2 2778
2 67 2038
67 2 2038
2 54 3850
54 2 3850
2 45 2877
45 2 2877
2 26 1165
26 2 1165
2 61 3152
61 2 3152
2 52 1867
52 2 1867
2 28 2370
28 2 2370
2 36 4335
36 2 4335
3 28 3800
28 3 3800
3 51 4077
51 3 4077
3 47 3892
47 3 3892
3 24 2272
24 3 2272
3 31 2158
31 3 2158
3 48 647
48 3 647
3 10 3965
10 3 3965
3 67 4565
67 3 4565
3 30 1302
30 3 1302
3 20 3105
20 3 3105
3 5 5034
5 3 5034
3 23 2000
23 3 2000
3 58 2014
58 3 2014
3 39 3480
39 3 3480
3 54 82
54 3 82
3 25 688
25 3 688
3 21 3618
21 3 3618
3 69 4925
69 3 4925
3 15 1614
15 3 1614
3 42 4914
42 3 4914
3 41 3408
41 3 3408
3 9 3707
9 3 3707
3 37 3055
37 3 3055
3 35 4102
35 3 4102
3 18 1934
18 3 1934
3 19 3409
19 3 3409
3 16 3784
16 3 3784
3 8 4535
8 3 4535
3 13 4871
13 3 4871
3 46 5171
46 3 5171
3 57 4435
57 3 4435
3 64 3598
64 3 3598
3 65 3556
65 3 3556
3 4 5398
4 3 5398
3 60 4401
60 3 4401
3 50 3811
50 3 3811
3 29 2466
29 3 2466
3 32 1728
32 3 1728
3 38 4758
38 3 4758
3 63 5374
63 3 5374
3 14 4611
14 3 4611
3 40 551
40 3 551
3 53 2841
53 3 2841
3 43 5270
43 3 5270
3 33 3840
33 3 3840
3 27 2686
27 3 2686
3 11 1985
11 3 1985
3 17 3140
17 3 3140
3 52 700
52 3 700
3 49 2253
49 3 2253
3 34 3280
34 3 3280
4 58 547
58 4 547
4 54 3509
54 4 3509
4 47 4205
47 4 4205
4 41 3854
41 4 3854
4 32 4427
32 4 4427
4 44 132
44 4 132
4 45 5045
45 4 5045
4 59 4436
59 4 4436
4 65 5160
65 4 5160
4 22 3609
22 4 3609
4 24 5376
24 4 5376
4 26 440
26 4 440
4 62 2835
62 4 2835
4 42 1378
42 4 1378
4 43 3160
43 4 3160
4 55 1731
55 4 1731
4 33 2988
33 4 2988
4 57 4994
57 4 4994
4 46 5401
46 4 5401
4 16 2158
16 4 2158
4 10 2900
10 4 2900
4 63 330
63 4 330
4 68 4130
68 4 4130
4 9 3392
9 4 3392
4 17 2686
17 4 2686
4 13 5375
13 4 5375
4 66 2366
66 4 2366
4 48 3945
48 4 3945
4 6 4594
6 4 4594
4 67 4408
67 4 4408
4 15 3457
15 4 3457
4 20 2238
20 4 2238
4 8 3441
8 4 3441
4 51 3514
51 4 3514
4 49 1311
49 4 1311
4 11 2169
11 4 2169
4 39 4960
39 4 4960
4 69 2847
69 4 2847
4 31 404
31 4 404
4 52 1074
52 4 1074
4 27 395
27 4 395
4 5 3644
5 4 3644
4 19 4521
19 4 4521
4 18 495
18 4 495
4 53 1343
53 4 1343
4 14 1990
14 4 1990
4 61 5162
61 4 5162
4 21 4107
21 4 4107
4 28 879
28 4 879
4 56 671
56 4 671
4 60 3612
60 4 3612
4 64 5051
64 4 5051
4 34 1923
34 4 1923
5 24 732
24 5 732
5 16 3989
16 5 3989
5 52 4816
52 5 4816
5 64 2150
64 5 2150
5 41 3042
41 5 3042
5 7 4465
7 5 4465
5 57 340
57 5 340
5 50 2936
50 5 2936
5 34 1779
34 5 1779
5 29 2544
29 5 2544
5 9 5364
9 5 5364
5 23 2555
23 5 2555
5 32 4360
32 5 4360
5 62 3746
62 5 3746
5 65 4876
65 5 4876
5 8 3334
8 5 3334
5 56 1629
56 5 1629
5 45 1676
45 5 1676
5 26 5318
26 5 5318
5 20 343
20 5 343
5 61 4565
61 5 4565
5 44 3256
44 5 3256
5 10 3373
10 5 3373
5 67 383
67 5 383
5 46 1385
46 5 1385
5 69 1446
69 5 1446
5 14 4212
14 5 4212
5 11 1032
11 5 1032
5 40 3271
40 5 3271
5 18 976
18 5 976
5 30 4205
30 5 4205
5 63 353
63 5 353
5 25 818
25 5 818
5 35 4211
35 5 4211
5 42 2602
42 5 2602
5 60 953
60 5 953
5 28 1031
28 5 1031
5 48 3667
48 5 3667
5 19 661
19 5 661
5 36 2838
36 5 2838
5 6 2855
6 5 2855
5 54 4897
54 5 4897
5 43 33
43 5 33
5 66 2287
66 5 2287
5 13 3360
13 5 3360
5 37 4529
37 5 4529
5 31 1756
31 5 1756
5 59 4365
59 5 4365
5 27 61
27 5 61
5 15 1329
15 5 1329
6 40 766
40 6 766
6 47 4621
47 6 4621
6 12 399
12 6 399
6 41 1253
41 6 1253
6 56 2489
56 6 2489
6 68 5180
68 6 5180
6 11 4045
11 6 4045
6 34 1912
34 6 1912
6 38 2125
38 6 2125
6 53 1574
53 6 1574
6 36 694
36 6 694
6 65 2640
65 6 2640
6 58 2144
58 6 2144
6 27 501
27 6 501
6 48 1606
48 6 1606
6 23 3462
23 6 3462
6 14 3107
14 6 3107
6 46 4864
46 6 4864
6 10 2420
10 6 2420
6 21 286
21 6 286
6 7 978
7 6 978
6 66 2359
66 6 2359
6 45 2272
45 6 2272
6 9 4720
9 6 4720
6 61 3337
61 6 3337
6 25 1748
25 6 1748
6 50 235
50 6 235
6 51 2513
51 6 2513
6 8 3300
8 6 3300
6 31 3717
31 6 3717
6 15 3293
15 6 3293
6 62 1907
62 6 1907
6 39 2198
39 6 2198
6 67 2022
67 6 2022
6 43 642
43 6 642
6 24 1290
24 6 1290
6 20 2128
20 6 2128
6 16 2596
16 6 2596
6 69 4958
69 6 4958
6 44 5371
44 6 5371
6 59 4234
59 6 4234
6 33 34
33 6 34
6 64 1847
64 6 1847
6 17 4316
17 6 4316
6 49 4422
49 6 4422
6 29 1185
29 6 1185
6 60 706
60 6 706
6 55 2986
55 6 2986
6 54 5108
54 6 5108
6 26 4662
26 6 4662
7 32 3280
32 7 3280
7 23 4484
23 7 4484
7 13 4745
13 7 4745
7 64 1075
64 7 1075
7 17 5397
17 7 5397
7 49 1465
49 7 1465
7 8 1138
8 7 1138
7 58 3922
58 7 3922
7 27 1644
27 7 1644
7 48 2396
48 7 2396
7 31 1941
31 7 1941
7 51 4771
51 7 4771
7 26 3963
26 7 3963
7 45 3111
45 7 3111
7 55 4212
55 7 4212
7 33 2916
33 7 2916
7 42 1173
42 7 1173
7 41 495
41 7 495
7 60 4137
60 7 4137
7 36 5013
36 7 5013
7 43 2771
43 7 2771
7 59 3259
59 7 3259
7 34 4618
34 7 4618
7 39 2834
39 7 2834
7 20 2027
20 7 2027
7 30 390
30 7 390
7 68 2273
68 7 2273
7 10 1449
10 7 1449
7 63 2042
63 7 2042
7 69 747
69 7 747
7 61 253
61 7 253
7 35 672
35 7 672
7 62 3799
62 7 3799
7 53 2055
53 7 2055
7 25 1141
25 7 1141
7 11 777
11 7 777
7 44 5288
44 7 5288
7 65 3642
65 7 3642
7 38 4228
38 7 4228
7 21 1893
21 7 1893
7 40 1616
40 7 1616
7 54 40
54 7 40
8 20 2849
20 8 2849
8 55 5331
55 8 5331
8 29 4750
29 8 4750
8 10 887
10 8 887
8 47 3597
47 8 3597
8 43 1960
43 8 1960
8 62 258
62 8 258
8 18 5148
18 8 5148
8 58 1857
58 8 1857
8 12 2721
12 8 2721
8 23 4791
23 8 4791
8 28 4941
28 8 4941
8 51 651
51 8 651
8 67 2578
67 8 2578
8 32 757
32 8 757
8 61 4478
61 8 4478
8 42 4735
42 8 4735
8 35 3167
35 8 3167
8 19 2114
19 8 2114
8 31 4977
31 8 4977
8 15 943
15 8 943
8 52 1934
52 8 1934
8 53 3026
53 8 3026
8 45 3884
45 8 3884
8 69 4703
69 8 4703
8 24 1726
24 8 1726
8 16 3506
16 8 3506
8 22 1888
22 8 1888
8 40 4498
40 8 4498
8 26 1066
26 8 1066
8 60 3781
60 8 3781
8 13 1714
13 8 1714
8 68 3224
68 8 3224
8 38 1932
38 8 1932
8 49 5330
49 8 5330
8 39 3277
39 8 3277
8 36 277
36 8 277
8 56 2617
56 8 2617
8 33 5229
33 8 5229
8 41 995
41 8 995
8 11 1922
11 8 1922
8 25 3086
25 8 3086
8 59 435
59 8 435
8 57 1205
57 8 1205
8 46 1285
46 8 1285
8 48 5246
48 8 5246
8 21 5362
21 8 5362
8 66 2853
66 8 2853
9 47 4313
47 9 4313
9 33 1775
33 9 1775
9 30 118
30 9 118
9 24 2220
24 9 2220
9 69 3493
69 9 3493
9 25 26
25 9 26
9 53 143
53 9 143
9 37 1641
37 9 1641
9 17 5310
17 9 5310
9 65 5288
65 9 5288
9 58 3941
58 9 3941
9 62 4374
62 9 4374
9 48 1925
48 9 1925
9 22 4538
22 9 4538
9 13 3552
13 9 3552
9 31 3086
31 9 3086
9 45 4829
45 9 4829
9 59 270
59 9 270
9 16 5092
16 9 5092
9 27 3384
27 9 3384
9 34 5034
34 9 5034
9 21 2763
21 9 2763
9 11 5429
11 9 5429
9 15 1330
15 9 1330
9 41 754
41 9 754
9 20 2020
20 9 2020
9 43 1217
43 9 1217
9 51 4865
51 9 4865
9 40 3229
40 9 3229
9 50 361
50 9 361
9 42 648
42 9 648
9 10 4800
10 9 4800
9 39 2025
39 9 2025
9 28 3264
28 9 3264
9 18 3739
18 9 3739
9 38 3742
38 9 3742
9 29 1693
29 9 1693
9 61 4225
61 9 4225
9 67 4900
67 9 4900
9 57 4859
57 9 4859
9 23 1589
23 9 1589
9 14 5238
14 9 5238
9 68 5307
68 9 5307
9 26 408
26 9 408
10 62 4905
62 10 4905
10 60 1201
60 10 1201
10 34 483
34 10 483
10 19 265
19 10 265
10 54 1473
54 10 1473
10 36 2343
36 10 2343
10 29 3559
29 10 3559
10 57 5403
57 10 5403
10 61 3134
61 10 3134
10 66 903
66 10 903
10 16 1042
16 10 1042
10 23 3664
23 10 3664
10 28 4645
28 10 4645
10 65 2736
65 10 2736
10 44 1972
44 10 1972
10 51 4034
51 10 4034
10 35 1333
35 10 1333
10 11 3845
11 10 3845
10 22 758
22 10 758
10 55 2723
55 10 2723
10 58 1794
58 10 1794
10 43 5237
43 10 5237
10 59 3001
59 10 3001
10 39 5346
39 10 5346
10 37 4016
37 10 4016
10 40 4655
40 10 4655
10 33 379
33 10 379
10 24 5100
24 10 5100
10 17 3171
17 10 3171
10 50 2045
50 10 2045
10 56 1392
56 10 1392
10 41 4679
41 10 4679
10 63 4702
63 10 4702
10 20 1989
20 10 1989
10 45 4105
45 10 4105
10 30 1247
30 10 1247
10 47 5296
47 10 5296
10 46 4000
46 10 4000
10 27 450
27 10 450
10 31 4180
31 10 4180
10 32 1786
32 10 1786
10 48 5170
48 10 5170
10 14 2139
14 10 2139
10 15 4110
15 10 4110
10 53 213
53 10 213
11 29 2557
29 11 2557
11 46 260
46 11 260
11 53 1981
53 11 1981
11 58 3184
58 11 3184
11 44 401
44 11 401
11 20 3828
20 11 3828
11 59 4637
59 11 4637
11 63 923
63 11 923
11 52 1707
52 11 1707
11 14 6
14 11 6
11 15 5310
15 11 5310
11 51 3162
51 11 3162
11 19 4337
19 11 4337
11 42 46
42 11 46
11 49 1814
49 11 1814
11 17 1411
17 11 1411
11 62 815
62 11 815
11 18 1328
18 11 1328
11 26 541
26 11 541
11 69 2278
69 11 2278
11 36 51
36 11 51
11 40 3753
40 11 3753
11 67 973
67 11 973
11 34 3897
34 11 3897
11 13 869
13 11 869
11 65 928
65 11 928
11 23 3544
23 11 3544
11 30 2308
30 11 2308
11 41 5216
41 11 5216
11 22 706
22 11 706
11 47 4517
47 11 4517
11 21 1156
21 11 1156
11 68 1677
68 11 1677
11 61 3287
61 11 3287
11 39 2416
39 11 2416
11 24 561
24 11 561
11 55 3480
55 11 3480
11 35 3068
35 11 3068
11 45 4354
45 11 4354
11 56 4881
56 11 4881
11 25 4378
25 11 4378
11 64 3255
64 11 3255
11 50 4040
50 11 4040
11 38 3722
38 11 3722
11 60 2526
60 11 2526
12 56 831
56 12 831
12 29 4246
29 12 4246
12 24 169
24 12 169
12 40 3196
40 12 3196
12 19 486
19 12 486
12 59 5244
59 12 5244
12 57 910
57 12 910
12 27 2023
27 12 2023
12 69 1592
69 12 1592
12 61 2183
61 12 2183
12 41 647
41 12 647
12 33 2962
33 12 2962
12 25 4896
25 12 4896
12 50 1584
50 12 1584
12 48 1446
48 12 1446
12 47 176
47 12 176
12 39 2444
39 12 2444
12 55 2526
55 12 2526
12 16 3235
16 12 3235
12 54 4064
54 12 4064
12 64 3671
64 12 3671
12 20 2486
20 12 2486
12 18 4839
18 12 4839
12 30 4681
30 12 4681
12 52 2194
52 12 2194
12 13 29
13 12 29
12 53 3217
53 12 3217
12 66 244
66 12 244
12 44 4547
44 12 4547
12 37 2888
37 12 2888
12 22 4095
22 12 4095
12 31 5276
31 12 5276
12 67 4526
67 12 4526
12 28 2036
28 12 2036
12 38 4869
38 12 4869
12 45 2729
45 12 2729
12 34 1674
34 12 1674
12 36 3858
36 12 3858
12 49 2543
49 12 2543
12 35 2638
35 12 2638
12 60 4830
60 12 4830
12 26 4374
26 12 4374
12 68 2332
68 12 2332
12 63 4536
63 12 4536
12 42 799
42 12 799
13 33 1751
33 13 1751
13 43 4579
43 13 4579
13 25 3875
25 13 3875
13 22 3807
22 13 3807
13 23 437
23 13 437
13 65 4139
65 13 4139
13 62 4288
62 13 4288
13 35 3312
35 13 3312
13 31 522
31 13 522
13 29 2482
29 13 2482
13 39 381
39 13 381
13 41 1887
41 13 1887
13 32 567
32 13 567
13 51 805
51 13 805
13 21 1729
21 13 1729
13 66 5200
66 13 5200
13 49 1558
49 13 1558
13 38 4424
38 13 4424
13 14 2195
14 13 2195
13 44 4723
44 13 4723
13 55 4588
55 13 4588
13 16 5079
16 13 5079
13 58 643
58 13 643
13 52 4442
52 13 4442
13 50 4511
50 13 4511
13 68 573
68 13 573
13 17 4371
17 13 4371
13 28 4277
28 13 4277
13 36 4391
36 13 4391
13 54 1300
54 13 1300
13 30 1523
30 13 1523
13 53 742
53 13 742
13 40 4515
40 13 4515
13 48 1537
48 13 1537
13 59 3928
59 13 3928
13 64 2418
64 13 2418
13 27 3090
27 13 3090
13 18 4486
18 13 4486
13 37 3910
37 13 3910
13 42 3169
42 13 3169
14 19 723
19 14 723
14 59 3666
59 14 3666
14 48 2580
48 14 2580
14 54 2404
54 14 2404
14 20 4876
20 14 4876
14 16 5395
16 14 5395
14 45 2112
45 14 2112
14 61 2781
61 14 2781
14 49 4258
49 14 4258
14 25 809
25 14 809
14 55 632
55 14 632
14 65 1558
65 14 1558
14 33 2061
33 14 2061
14 38 3503
38 14 3503
14 58 74
58 14 74
14 56 1847
56 14 1847
14 39 4243
39 14 4243
14 57 3906
57 14 3906
14 68 314
68 14 314
14 40 4482
40 14 4482
14 53 3235
53 14 3235
14 42 1213
42 14 1213
14 31 3693
31 14 3693
14 36 3661
36 14 3661
14 17 3188
17 14 3188
14 41 3548
41 14 3548
14 27 2249
27 14 2249
14 22 1328
22 14 1328
14 64 2019
64 14 2019
14 15 1741
15 14 1741
14 30 644
30 14 644
14 37 3965
37 14 3965
14 44 1672
44 14 1672
14 23 924
23 14 924
14 63 2185
63 14 2185
14 43 2339
43 14 2339
14 66 1
66 14 1
14 50 4751
50 14 4751
14 29 1468
29 14 1468
15 48 2011
48 15 2011
15 54 3784
54 15 3784
15 64 721
64 15 721
15 40 413
40 15 413
15 42 4769
42 15 4769
15 61 211
61 15 211
15 43 3479
43 15 3479
15 53 4558
53 15 4558
15 22 3292
22 15 3292
15 63 2321
63 15 2321
15 56 3226
56 15 3226
15 24 3813
24 15 3813
15 32 1909
32 15 1909
15 67 5396
67 15 5396
15 18 2509
18 15 2509
15 26 3722
26 15 3722
15 38 3790
38 15 3790
15 60 3047
60 15 3047
15 50 1220
50 15 1220
15 69 41
69 15 41
15 49 5429
49 15 5429
15 33 1004
33 15 1004
15 16 3963
16 15 3963
15 62 3982
62 15 3982
15 41 1408
41 15 1408
15 17 3251
17 15 3251
15 27 2142
27 15 2142
15 20 2894
20 15 2894
15 58 3472
58 15 3472
15 47 4402
47 15 4402
15 29 803
29 15 803
15 31 1886
31 15 1886
15 23 342
23 15 342
15 34 498
34 15 498
15 45 688
45 15 688
15 55 3570
55 15 3570
15 52 240
52 15 240
15 36 2776
36 15 2776
15 25 2981
25 15 2981
15 39 3601
39 15 3601
16 56 4052
56 16 4052
16 20 3926
20 16 3926
16 41 2841
41 16 2841
16 17 4013
17 16 4013
16 33 3825
33 16 3825
16 35 749
35 16 749
16 53 849
53 16 849
16 31 3813
31 16 3813
16 49 4650
49 16 4650
16 32 1668
32 16 1668
16 39 4030
39 16 4030
16 40 578
40 16 578
16 29 3993
29 16 3993
16 42 5194
42 16 5194
16 36 4970
36 16 4970
16 62 1072
62 16 1072
16 38 2969
38 16 2969
16 59 2055
59 16 2055
16 57 3798
57 16 3798
16 66 3586
66 16 3586
16 23 2070
23 16 2070
16 30 1733
30 16 1733
16 55 485
55 16 485
16 24 3516
24 16 3516
16 18 174
18 16 174
16 28 1610
28 16 1610
16 45 2959
45 16 2959
16 54 2114
54 16 2114
16 25 5400
25 16 5400
16 50 2942
50 16 2942
16 69 148
69 16 148
16 22 3662
22 16 3662
16 48 2570
48 16 2570
16 52 3699
52 16 3699
16 37 3609
37 16 3609
16 27 4313
27 16 4313
16 44 1253
44 16 1253
16 68 2702
68 16 2702
16 26 4537
26 16 4537
17 64 4776
64 17 4776
17 20 164
20 17 164
17 44 2343
44 17 2343
17 37 942
37 17 942
17 47 2192
47 17 2192
17 29 3249
29 17 3249
17 27 2048
27 17 2048
17 54 3745
54 17 3745
17 60 2162
60 17 2162
17 53 4062
53 17 4062
17 56 264
56 17 264
17 19 1747
19 17 1747
17 61 2210
61 17 2210
17 59 3888
59 17 3888
17 28 5358
28 17 5358
17 39 2043
39 17 2043
17 62 4662
62 17 4662
17 50 2586
50 17 2586
17 52 1545
52 17 1545
17 58 5270
58 17 5270
17 26 3036
26 17 3036
17 48 38
48 17 38
17 18 3103
18 17 3103
17 34 2005
34 17 2005
17 36 1841
36 17 1841
17 30 1042
30 17 1042
17 57 4565
57 17 4565
17 68 2135
68 17 2135
17 51 3746
51 17 3746
17 45 1566
45 17 1566
17 33 440
33 17 440
17 63 975
63 17 975
17 31 2907
31 17 2907
17 69 3819
69 17 3819
17 42 4698
42 17 4698
17 67 265
67 17 265
17 55 3556
55 17 3556
18 63 143
63 18 143
18 19 4606
19 18 4606
18 42 3713
42 18 3713
18 60 3919
60 18 3919
18 24 1205
24 18 1205
18 44 4330
44 18 4330
18 65 4972
65 18 4972
18 50 4592
50 18 4592
18 47 38
47 18 38
18 41 1352
41 18 1352
18 39 309
39 18 309
18 38 4610
38 18 4610
18 46 2727
46 18 2727
18 57 236
57 18 236
18 30 4830
30 18 4830
18 51 2321
51 18 2321
18 20 4231
20 18 4231
18 55 5038
55 18 5038
18 29 5105
29 18 5105
18 66 2570
66 18 2570
18 37 3151
37 18 3151
18 25 1760
25 18 1760
18 68 3476
68 18 3476
18 49 2255
49 18 2255
18 32 5150
32 18 5150
18 22 734
22 18 734
18 36 5201
36 18 5201
18 64 1388
64 18 1388
18 67 1196
67 18 1196
18 21 3352
21 18 3352
18 69 2235
69 18 2235
18 27 3695
27 18 3695
18 28 2743
28 18 2743
18 45 1918
45 18 1918
18 43 2225
43 18 2225
18 35 3304
35 18 3304
18 52 5105
52 18 5105
18 34 720
34 18 720
18 62 3338
62 18 3338
19 36 4469
36 19 4469
19 54 3496
54 19 3496
19 26 3211
26 19 3211
19 46 5100
46 19 5100
19 61 3637
61 19 3637
19 44 295
44 19 295
19 62 2916
62 19 2916
19 42 3323
42 19 3323
19 60 2297
60 19 2297
19 32 5380
32 19 5380
19 57 328
57 19 328
19 53 4261
53 19 4261
19 41 4907
41 19 4907
19 43 3059
43 19 3059
19 21 224
21 19 224
19 51 75
51 19 75
19 40 4123
40 19 4123
19 56 1950
56 19 1950
19 31 3032
31 19 3032
19 66 2613
66 19 2613
19 59 3930
59 19 3930
19 33 5065
33 19 5065
19 64 4145
64 19 4145
19 28 1019
28 19 1019
19 38 5017
38 19 5017
19 47 1955
47 19 1955
19 65 1273
65 19 1273
19 27 1987
27 19 1987
19 67 2329
67 19 2329
19 30 3004
30 19 3004
19 24 4397
24 19 4397
19 63 5268
63 19 5268
19 35 2197
35 19 2197
19 68 3672
68 19 3672
20 47 621
47 20 621
20 44 2577
44 20 2577
20 63 5222
63 20 5222
20 45 587
45 20 587
20 55 4956
55 20 4956
20 53 1133
53 20 1133
20 57 2425
57 20 2425
20 24 5064
24 20 5064
20 54 2906
54 20 2906
20 38 2083
38 20 2083
20 23 1531
23 20 1531
20 42 5060
42 20 5060
20 35 4268
35 20 4268
20 56 788
56 20 788
20 50 279
50 20 279
20 30 2587
30 20 2587
20 29 3413
29 20 3413
20 65 165
65 20 165
20 39 504
39 20 504
20 48 1571
48 20 1571
20 31 1598
31 20 1598
20 66 4702
66 20 4702
20 58 745
58 20 745
20 52 4845
52 20 4845
20 27 1556
27 20 1556
20 67 125
67 20 125
20 60 3436
60 20 3436
20 61 710
61 20 710
20 62 836
62 20 836
20 37 1275
37 20 1275
20 34 5088
34 20 5088
20 32 2934
32 20 2934
20 25 4992
25 20 4992
20 51 829
51 20 829
20 41 1046
41 20 1046
20 33 2034
33 20 2034
21 55 3982
55 21 3982
21 59 1175
59 21 1175
21 37 2826
37 21 2826
21 38 5022
38 21 5022
21 54 1511
54 21 1511
21 35 4720
35 21 4720
21 34 2608
34 21 2608
21 43 1741
43 21 1741
21 25 4633
25 21 4633
21 50 5310
50 21 5310
21 41 2613
41 21 2613
21 60 5118
60 21 5118
21 39 3337
39 21 3337
21 46 989
46 21 989
21 28 187
28 21 187
21 23 660
23 21 660
21 22 629
22 21 629
21 51 3097
51 21 3097
21 53 904
53 21 904
21 26 1844
26 21 1844
21 49 2745
49 21 2745
21 63 3528
63 21 3528
21 65 698
65 21 698
21 27 52
27 21 52
21 33 4754
33 21 4754
21 58 2603
58 21 2603
21 62 3410
62 21 3410
21 67 2922
67 21 2922
21 66 3119
66 21 3119
21 30 1369
30 21 1369
21 68 4702
68 21 4702
21 64 2600
64 21 2600
21 57 883
57 21 883
21 61 4935
61 21 4935
22 55 965
55 22 965
22 57 211
57 22 211
22 42 3790
42 22 3790
22 43 1541
43 22 1541
22 36 1111
36 22 1111
22 33 660
33 22 660
22 53 4441
53 22 4441
22 49 1302
49 22 1302
22 45 3908
45 22 3908
22 24 758
24 22 758
22 27 1627
27 22 1627
22 38 2916
38 22 2916
22 47 11
47 22 11
22 37 2778
37 22 2778
22 39 142
39 22 142
22 23 3620
23 22 3620
22 29 1103
29 22 1103
22 32 5423
32 22 5423
22 68 3152
68 22 3152
22 44 3102
44 22 3102
22 25 3474
25 22 3474
22 64 1480
64 22 1480
22 30 3326
30 22 3326
22 65 2722
65 22 2722
22 62 2937
62 22 2937
22 61 490
61 22 490
22 28 1689
28 22 1689
22 51 43
51 22 43
22 58 1577
58 22 1577
22 48 3740
48 22 3740
22 40 5266
40 22 5266
22 63 3440
63 22 3440
22 26 4825
26 22 4825
23 24 1334
24 23 1334
23 61 3876
61 23 3876
23 40 5133
40 23 5133
23 58 4845
58 23 4845
23 33 5404
33 23 5404
23 65 4953
65 23 4953
23 47 5186
47 23 5186
23 45 5354
45 23 5354
23 52 1601
52 23 1601
23 68 2605
68 23 2605
23 64 330
64 23 330
23 34 4907
34 23 4907
23 63 4250
63 23 4250
23 50 2428
50 23 2428
23 49 1558
49 23 1558
23 53 2010
53 23 2010
23 27 2978
27 23 2978
23 38 4101
38 23 4101
23 59 3268
59 23 3268
23 56 4236
56 23 4236
23 60 4525
60 23 4525
23 29 4581
29 23 4581
23 31 1704
31 23 1704
23 25 1026
25 23 1026
23 36 3460
36 23 3460
23 54 3759
54 23 3759
23 51 3079
51 23 3079
23 44 4612
44 23 4612
23 37 2986
37 23 2986
23 48 1106
48 23 1106
23 69 1092
69 23 1092
23 43 3727
43 23 3727
23 67 3651
67 23 3651
23 26 1930
26 23 1930
23 57 2525
57 23 2525
24 62 2378
62 24 2378
24 31 2945
31 24 2945
24 52 3806
52 24 3806
24 43 2698
43 24 2698
24 56 3416
56 24 3416
24 40 2337
40 24 2337
24 49 2281
49 24 2281
24 69 1533
69 24 1533
24 39 248
39 24 248
24 61 1630
61 24 1630
24 25 3313
25 24 3313
24 45 853
45 24 853
24 55 1630
55 24 1630
24 37 3867
37 24 3867
24 27 1466
27 24 1466
24 67 3470
67 24 3470
24 51 4090
51 24 4090
24 42 3989
42 24 3989
24 60 3130
60 24 3130
24 64 3500
64 24 3500
24 65 4742
65 24 4742
24 58 2055
58 24 2055
24 33 860
33 24 860
24 32 473
32 24 473
24 38 540
38 24 540
24 68 669
68 24 669
24 66 1203
66 24 1203
24 48 1668
48 24 1668
24 34 2999
34 24 2999
24 63 2354
63 24 2354
24 46 4579
46 24 4579
24 59 5429
59 24 5429
24 30 1158
30 24 1158
24 53 5322
53 24 5322
24 29 1944
29 24 1944
24 28 586
28 24 586
25 42 3609
42 25 3609
25 40 4364
40 25 4364
25 33 1570
33 25 1570
25 52 4875
52 25 4875
25 62 600
62 25 600
25 51 2192
51 25 2192
25 58 2556
58 25 2556
25 69 3679
69 25 3679
25 68 4074
68 25 4074
25 50 3442
50 25 3442
25 54 2687
54 25 2687
25 60 750
60 25 750
25 28 1651
28 25 1651
25 63 2967
63 25 2967
25 57 3258
57 25 3258
25 26 1459
26 25 1459
25 36 1005
36 25 1005
25 47 2658
47 25 2658
25 44 1747
44 25 1747
25 48 1231
48 25 1231
25 61 2924
61 25 2924
25 46 4935
46 25 4935
25 37 5331
37 25 5331
25 45 3079
45 25 3079
25 59 1820
59 25 1820
25 55 3659
55 25 3659
25 35 306
35 25 306
25 49 5006
49 25 5006
25 31 2979
31 25 2979
25 53 3703
53 25 3703
25 30 2287
30 25 2287
25 29 4103
29 25 4103
25 27 2550
27 25 2550
26 36 40
36 26 40
26 27 17
27 26 17
26 53 4943
53 26 4943
26 55 3827
55 26 3827
26 37 3713
37 26 3713
26 34 4769
34 26 4769
26 57 2295
57 26 2295
26 45 690
45 26 690
26 30 1722
30 26 1722
26 43 5006
43 26 5006
26 56 5163
56 26 5163
26 32 4515
32 26 4515
26 40 1501
40 26 1501
26 38 2327
38 26 2327
26 59 434
59 26 434
26 31 4945
31 26 4945
26 67 5068
67 26 5068
26 50 3002
50 26 3002
26 44 387
44 26 387
26 29 3480
29 26 3480
26 64 1791
64 26 1791
26 51 2466
51 26 2466
26 39 1918
39 26 1918
26 47 3914
47 26 3914
26 35 840
35 26 840
26 41 2455
41 26 2455
26 33 1695
33 26 1695
26 60 3911
60 26 3911
26 69 4927
69 26 4927
26 28 3588
28 26 3588
26 63 1673
63 26 1673
26 62 3534
62 26 3534
26 49 3803
49 26 3803
26 66 4625
66 26 4625
27 50 1332
50 27 1332
27 38 4813
38 27 4813
27 42 2768
42 27 2768
27 59 936
59 27 936
27 54 1185
54 27 1185
27 30 1002
30 27 1002
27 32 1097
32 27 1097
27 56 3480
56 27 3480
27 65 3364
65 27 3364
27 37 634
37 27 634
27 57 4257
57 27 4257
27 48 8
48 27 8
27 49 2574
49 27 2574
27 62 1099
62 27 1099
27 61 2925
61 27 2925
27 39 2436
39 27 2436
27 47 3756
47 27 3756
27 31 1374
31 27 1374
27 41 5207
41 27 5207
27 55 2362
55 27 2362
27 45 2444
45 27 2444
27 34 4741
34 27 4741
27 35 3840
35 27 3840
27 40 4265
40 27 4265
27 51 2737
51 27 2737
27 60 5208
60 27 5208
27 68 500
68 27 500
28 69 561
69 28 561
28 56 3206
56 28 3206
28 60 2244
60 28 2244
28 66 4545
66 28 4545
28 52 4526
52 28 4526
28 31 135
31 28 135
28 43 4564
43 28 4564
28 50 278
50 28 278
28 38 4985
38 28 4985
28 58 1633
58 28 1633
28 68 2649
68 28 2649
28 62 3693
62 28 3693
28 49 3003
49 28 3003
28 59 2878
59 28 2878
28 29 1354
29 28 1354
28 57 243
57 28 243
28 32 5406
32 28 5406
28 53 2788
53 28 2788
28 42 4830
42 28 4830
28 48 4732
48 28 4732
28 47 3855
47 28 3855
28 63 2237
63 28 2237
28 45 5059
45 28 5059
28 30 1200
30 28 1200
28 41 4140
41 28 4140
28 55 557
55 28 557
28 61 3304
61 28 3304
28 46 4025
46 28 4025
28 34 5209
34 28 5209
28 51 1255
51 28 1255
28 44 138
44 28 138
28 65 4517
65 28 4517
28 64 3486
64 28 3486
28 37 1981
37 28 1981
29 43 596
43 29 596
29 33 1669
33 29 1669
29 42 389
42 29 389
29 54 3175
54 29 3175
29 52 2198
52 29 2198
29 38 954
38 29 954
29 57 3681
57 29 3681
29 61 1593
61 29 1593
29 32 5252
32 29 5252
29 47 5187
47 29 5187
29 67 2615
67 29 2615
29 64 1363
64 29 1363
29 55 1259
55 29 1259
29 45 1700
45 29 1700
29 35 737
35 29 737
29 48 5256
48 29 5256
29 59 1174
59 29 1174
29 46 2444
46 29 2444
29 69 5215
69 29 5215
29 34 255
34 29 255
29 53 1182
53 29 1182
29 50 1288
50 29 1288
29 39 4664
39 29 4664
29 36 219
36 29 219
29 63 717
63 29 717
29 51 3883
51 29 3883
29 62 984
62 29 984
29 66 4081
66 29 4081
29 58 2584
58 29 2584
29 68 1800
68 29 1800
29 65 707
65 29 707
29 37 2072
37 29 2072
29 44 2771
44 29 2771
29 56 957
56 29 957
29 40 1178
40 29 1178
30 42 4674
42 30 4674
30 69 4939
69 30 4939
30 41 4777
41 30 4777
30 31 5041
31 30 5041
30 59 1605
59 30 1605
30 43 3886
43 30 3886
30 60 4109
60 30 4109
30 44 1495
44 30 1495
30 52 3987
52 30 3987
30 56 1620
56 30 1620
30 62 1738
62 30 1738
30 65 1730
65 30 1730
30 66 4502
66 30 4502
30 37 4633
37 30 4633
30 47 1174
47 30 1174
30 54 3223
54 30 3223
30 61 3198
61 30 3198
30 48 5353
48 30 5353
30 34 4859
34 30 4859
30 67 1172
67 30 1172
30 64 1492
64 30 1492
30 68 2695
68 30 2695
30 57 4726
57 30 4726
30 50 1303
50 30 1303
30 45 5235
45 30 5235
31 59 247
59 31 247
31 62 916
62 31 916
31 50 497
50 31 497
31 60 3297
60 31 3297
31 65 760
65 31 760
31 43 3303
43 31 3303
31 32 1845
32 31 1845
31 68 2217
68 31 2217
31 69 1538
69 31 1538
31 46 5354
46 31 5354
31 54 4823
54 31 4823
31 53 1851
53 31 1851
31 33 3151
33 31 3151
31 34 2709
34 31 2709
31 37 717
37 31 717
31 41 5068
41 31 5068
31 39 180
39 31 180
31 45 2275
45 31 2275
31 36 1965
36 31 1965
31 66 85
66 31 85
31 38 316
38 31 316
31 49 5201
49 31 5201
31 58 5117
58 31 5117
31 44 1717
44 31 1717
31 61 943
61 31 943
31 57 4122
57 31 4122
31 67 3849
67 31 3849
31 35 31
35 31 31
31 55 568
55 31 568
31 63 2364
63 31 2364
32 59 3335
59 32 3335
32 47 5234
47 32 5234
32 67 2550
67 32 2550
32 34 4536
34 32 4536
32 56 3766
56 32 3766
32 64 2022
64 32 2022
32 46 3518
46 32 3518
32 36 2629
36 32 2629
32 54 4916
54 32 4916
32 35 2568
35 32 2568
32 39 4401
39 32 4401
32 63 1736
63 32 1736
32 65 4563
65 32 4563
32 37 2345
37 32 2345
32 53 4938
53 32 4938
32 66 1023
66 32 1023
32 49 5187
49 32 5187
32 45 1918
45 32 1918
32 42 2149
42 32 2149
32 69 1700
69 32 1700
32 58 1839
58 32 1839
32 48 1763
48 32 1763
32 57 2682
57 32 2682
32 33 1075
33 32 1075
32 60 1471
60 32 1471
32 61 580
61 32 580
33 60 1441
60 33 1441
33 37 4649
37 33 4649
33 68 728
68 33 728
33 66 2773
66 33 2773
33 50 1302
50 33 1302
33 36 4672
36 33 4672
33 69 615
69 33 615
33 65 3288
65 33 3288
33 46 3561
46 33 3561
33 61 676
61 33 676
33 47 2871
47 33 2871
33 56 1518
56 33 1518
33 58 3298
58 33 3298
33 45 61
45 33 61
33 54 330
54 33 330
33 62 5312
62 33 5312
33 42 989
42 33 989
33 53 2355
53 33 2355
33 41 2070
41 33 2070
33 57 3640
57 33 3640
33 63 1234
63 33 1234
33 39 2700
39 33 2700
33 35 4372
35 33 4372
33 59 1622
59 33 1622
33 40 2291
40 33 2291
33 44 2653
44 33 2653
33 49 3602
49 33 3602
33 43 3999
43 33 3999
34 46 1021
46 34 1021
34 63 1701
63 34 1701
34 68 2372
68 34 2372
34 67 2378
67 34 2378
34 59 2994
59 34 2994
34 52 2346
52 34 2346
34 42 3599
42 34 3599
34 61 1947
61 34 1947
34 60 619
60 34 619
34 56 3590
56 34 3590
34 65 1047
65 34 1047
34 40 4791
40 34 4791
34 44 1161
44 34 1161
34 64 5266
64 34 5266
34 43 2262
43 34 2262
34 53 5396
53 34 5396
34 39 1509
39 34 1509
34 51 1544
51 34 1544
34 54 3359
54 34 3359
34 66 5327
66 34 5327
34 45 4614
45 34 4614
34 48 4297
48 34 4297
34 38 283
38 34 283
34 49 4753
49 34 4753
34 58 1154
58 34 1154
34 55 3010
55 34 3010
34 41 4655
41 34 4655
34 35 3067
35 34 3067
34 47 2057
47 34 2057
35 67 4945
67 35 4945
35 55 1680
55 35 1680
35 38 3335
38 35 3335
35 40 578
40 35 578
35 63 922
63 35 922
35 50 4332
50 35 4332
35 52 4587
52 35 4587
35 51 563
51 35 563
35 54 3352
54 35 3352
35 68 3192
68 35 3192
35 36 104
36 35 104
35 49 4831
49 35 4831
35 62 2381
62 35 2381
35 59 4801
59 35 4801
35 43 2370
43 35 2370
35 61 2968
61 35 2968
35 39 2925
39 35 2925
35 65 5305
65 35 5305
35 41 3426
41 35 3426
35 47 1786
47 35 1786
35 44 92
44 35 92
35 56 4595
56 35 4595
35 64 2985
64 35 2985
35 42 1982
42 35 1982
35 53 2764
53 35 2764
35 58 41
58 35 41
36 67 596
67 36 596
36 65 1190
65 36 1190
36 46 2354
46 36 2354
36 40 3237
40 36 3237
36 59 3258
59 36 3258
36 51 3487
51 36 3487
36 43 693
43 36 693
36 62 2251
62 36 2251
36 52 1118
52 36 1118
36 41 3687
41 36 3687
36 37 1853
37 36 1853
36 55 599
55 36 599
36 45 749
45 36 749
36 63 1112
63 36 1112
36 68 4509
68 36 4509
36 60 5374
60 36 5374
36 66 4568
66 36 4568
36 50 302
50 36 302
36 54 1290
54 36 1290
36 39 2703
39 36 2703
36 56 3817
56 36 3817
36 42 2666
42 36 2666
36 69 144
69 36 144
36 44 609
44 36 609
36 53 3174
53 36 3174
36 47 3718
47 36 3718
36 48 1320
48 36 1320
36 58 3132
58 36 3132
36 49 596
49 36 596
37 63 144
63 37 144
37 40 2954
40 37 2954
37 44 2794
44 37 2794
37 53 1269
53 37 1269
37 56 3524
56 37 3524
37 60 743
60 37 743
37 65 4180
65 37 4180
37 48 3682
48 37 3682
37 47 2329
47 37 2329
37 50 4883
50 37 4883
37 68 2685
68 37 2685
37 39 3422
39 37 3422
37 64 3739
64 37 3739
37 45 1772
45 37 1772
37 38 1601
38 37 1601
37 59 4052
59 37 4052
37 61 3230
61 37 3230
37 46 383
46 37 383
37 54 3682
54 37 3682
37 42 4843
42 37 4843
37 49 4243
49 37 4243
37 57 2468
57 37 2468
37 43 5332
43 37 5332
37 69 4551
69 37 4551
37 66 4395
66 37 4395
37 51 1784
51 37 1784
38 42 2659
42 38 2659
38 58 3176
58 38 3176
38 52 617
52 38 617
38 69 1779
69 38 1779
38 47 2218
47 38 2218
38 59 3751
59 38 3751
38 64 4079
64 38 4079
38 39 3588
39 38 3588
38 43 781
43 38 781
38 49 2765
49 38 2765
38 57 3714
57 38 3714
38 66 3946
66 38 3946
38 63 2311
63 38 2311
38 67 620
67 38 620
38 55 1984
55 38 1984
38 40 3593
40 38 3593
38 41 2830
41 38 2830
38 45 3182
45 38 3182
38 65 31
65 38 31
38 48 1908
48 38 1908
38 46 188
46 38 188
39 47 4060
47 39 4060
39 55 1359
55 39 1359
39 48 1424
48 39 1424
39 64 1126
64 39 1126
39 63 231
63 39 231
39 45 4584
45 39 4584
39 68 3811
68 39 3811
39 54 4853
54 39 4853
39 58 4148
58 39 4148
39 56 646
56 39 646
39 43 30
43 39 30
39 41 3457
41 39 3457
39 59 80
59 39 80
39 67 2144
67 39 2144
39 57 2769
57 39 2769
39 61 1838
61 39 1838
39 69 5382
69 39 5382
39 50 3444
50 39 3444
39 51 5375
51 39 5375
39 65 2718
65 39 2718
40 58 1620
58 40 1620
40 51 1861
51 40 1861
40 43 4663
43 40 4663
40 44 1736
44 40 1736
40 60 4359
60 40 4359
40 54 5093
54 40 5093
40 57 942
57 40 942
40 45 312
45 40 312
40 69 1720
69 40 1720
40 49 5171
49 40 5171
40 48 3023
48 40 3023
40 41 1661
41 40 1661
40 65 2344
65 40 2344
40 61 3771
61 40 3771
40 42 1447
42 40 1447
40 56 4120
56 40 4120
40 59 1051
59 40 1051
40 52 4007
52 40 4007
40 47 24
47 40 24
40 64 2147
64 40 2147
40 68 4708
68 40 4708
40 62 745
62 40 745
40 55 1563
55 40 1563
40 46 3351
46 40 3351
41 61 2323
61 41 2323
41 55 3653
55 41 3653
41 52 2663
52 41 2663
41 67 930
67 41 930
41 45 4064
45 41 4064
41 60 2121
60 41 2121
41 68 616
68 41 616
41 65 3910
65 41 3910
41 54 340
54 41 340
41 66 2988
66 41 2988
41 47 3234
47 41 3234
41 53 3988
53 41 3988
41 49 4443
49 41 4443
41 59 2914
59 41 2914
41 56 3002
56 41 3002
41 48 3517
48 41 3517
41 44 3821
44 41 3821
41 51 5136
51 41 5136
41 64 134
64 41 134
42 68 2571
68 42 2571
42 58 355
58 42 355
42 60 5229
60 42 5229
42 69 5388
69 42 5388
42 46 1282
46 42 1282
42 48 3479
48 42 3479
42 63 1078
63 42 1078
42 64 3798
64 42 3798
42 51 771
51 42 771
42 66 2910
66 42 2910
42 49 1154
49 42 1154
42 59 1349
59 42 1349
42 44 4056
44 42 4056
42 65 4644
65 42 4644
42 47 3233
47 42 3233
42 56 609
56 42 609
42 53 5143
53 42 5143
42 62 3645
62 42 3645
42 55 4652
55 42 4652
42 50 2677
50 42 2677
42 43 4437
43 42 4437
42 67 2971
67 42 2971
42 57 3967
57 42 3967
42 61 5014
61 42 5014
43 58 66
58 43 66
43 57 4362
57 43 4362
43 56 3048
56 43 3048
43 50 3292
50 43 3292
43 68 388
68 43 388
43 65 4590
65 43 4590
43 46 5071
46 43 5071
43 45 4996
45 43 4996
43 53 541
53 43 541
43 66 4089
66 43 4089
43 62 2086
62 43 2086
43 63 975
63 43 975
43 64 670
64 43 670
43 52 4851
52 43 4851
43 54 560
54 43 560
43 49 4867
49 43 4867
43 67 4510
67 43 4510
43 51 2659
51 43 2659
43 44 2146
44 43 2146
43 47 3363
47 43 3363
43 55 2474
55 43 2474
44 64 2878
64 44 2878
44 68 4587
68 44 4587
44 69 4924
69 44 4924
44 53 4504
53 44 4504
44 51 2463
51 44 2463
44 50 4777
50 44 4777
44 59 4112
59 44 4112
44 65 4910
65 44 4910
44 54 1245
54 44 1245
44 67 2136
67 44 2136
44 48 4352
48 44 4352
44 47 91
47 44 91
44 66 555
66 44 555
44 63 5168
63 44 5168
44 45 1148
45 44 1148
44 58 721
58 44 721
44 57 4440
57 44 4440
45 57 2376
57 45 2376
45 64 1968
64 45 1968
45 63 3260
63 45 3260
45 65 3304
65 45 3304
45 48 756
48 45 756
45 46 462
46 45 462
45 68 3562
68 45 3562
45 49 3513
49 45 3513
45 50 1848
50 45 1848
45 55 403
55 45 403
45 53 3876
53 45 3876
45 67 730
67 45 730
45 58 2116
58 45 2116
45 69 5240
69 45 5240
45 61 3306
61 45 3306
45 56 5026
56 45 5026
45 47 1097
47 45 1097
45 59 3616
59 45 3616
45 66 2899
66 45 2899
46 47 5331
47 46 5331
46 61 4657
61 46 4657
46 63 801
63 46 801
46 58 2901
58 46 2901
46 52 4559
52 46 4559
46 57 1931
57 46 1931
46 55 2771
55 46 2771
46 69 3143
69 46 3143
46 54 4884
54 46 4884
46 51 2412
51 46 2412
46 60 4255
60 46 4255
46 64 4139
64 46 4139
46 49 4979
49 46 4979
46 68 3511
68 46 3511
46 62 1912
62 46 1912
46 66 5308
66 46 5308
46 65 5282
65 46 5282
46 48 3029
48 46 3029
47 51 597
51 47 597
47 50 2230
50 47 2230
47 61 1857
61 47 1857
47 65 4128
65 47 4128
47 53 2999
53 47 2999
47 48 5153
48 47 5153
47 68 4072
68 47 4072
47 63 3823
63 47 3823
47 52 4597
52 47 4597
47 54 2824
54 47 2824
47 58 1754
58 47 1754
47 67 1341
67 47 1341
47 49 2479
49 47 2479
47 57 934
57 47 934
47 60 283
60 47 283
48 53 2689
53 48 2689
48 50 5067
50 48 5067
48 59 4742
59 48 4742
48 61 4602
61 48 4602
48 62 2830
62 48 2830
48 52 982
52 48 982
48 58 1879
58 48 1879
48 49 619
49 48 619
48 51 4369
51 48 4369
48 65 131
65 48 131
48 66 4543
66 48 4543
48 68 1095
68 48 1095
48 67 5101
67 48 5101
48 60 3773
60 48 3773
49 64 2604
64 49 2604
49 66 2402
66 49 2402
49 61 3866
61 49 3866
49 58 1785
58 49 1785
49 67 3403
67 49 3403
49 56 1249
56 49 1249
49 54 3964
54 49 3964
49 57 5380
57 49 5380
49 65 1185
65 49 1185
49 69 1702
69 49 1702
49 62 3308
62 49 3308
49 59 3237
59 49 3237
49 51 1401
51 49 1401
49 68 377
68 49 377
49 53 3367
53 49 3367
50 54 2843
54 50 2843
50 64 1757
64 50 1757
50 65 3370
65 50 3370
50 53 3233
53 50 3233
50 62 3196
62 50 3196
50 56 4609
56 50 4609
50 59 4249
59 50 4249
50 51 1418
51 50 1418
50 55 3979
55 50 3979
50 52 42
52 50 42
50 66 3580
66 50 3580
50 57 328
57 50 328
51 67 108
67 51 108
51 52 3123
52 51 3123
51 66 809
66 51 809
51 53 3958
53 51 3958
51 58 5013
58 51 5013
51 68 2639
68 51 2639
51 54 1193
54 51 1193
51 61 1393
61 51 1393
51 55 606
55 51 606
51 63 3035
63 51 3035
51 65 739
65 51 739
51 62 3528
62 51 3528
51 57 1274
57 51 1274
52 69 1514
69 52 1514
52 56 5068
56 52 5068
52 63 1998
63 52 1998
52 53 4633
53 52 4633
52 66 295
66 52 295
52 64 1085
64 52 1085
52 62 1472
62 52 1472
52 65 3623
65 52 3623
52 59 792
59 52 792
52 54 2836
54 52 2836
52 58 218
58 52 218
52 55 4699
55 52 4699
52 57 2455
57 52 2455
52 60 4541
60 52 4541
52 67 3854
67 52 3854
53 64 50
64 53 50
53 60 3247
60 53 3247
53 61 4373
61 53 4373
53 69 4019
69 53 4019
53 67 1794
67 53 1794
53 59 3241
59 53 3241
53 66 4377
66 53 4377
54 62 775
62 54 775
54 59 3912
59 54 3912
54 67 3264
67 54 3264
54 57 3729
57 54 3729
54 58 1262
58 54 1262
54 65 1481
65 54 1481
54 69 893
69 54 893
54 64 1593
64 54 1593
54 66 2590
66 54 2590
54 55 3408
55 54 3408
54 61 511
61 54 511
54 63 1710
63 54 1710
55 67 1378
67 55 1378
55 66 4420
66 55 4420
55 63 3042
63 55 3042
55 59 90
59 55 90
55 56 672
56 55 672
55 57 1220
57 55 1220
55 69 5298
69 55 5298
55 64 622
64 55 622
55 68 5032
68 55 5032
55 62 3694
62 55 3694
55 65 1309
65 55 1309
56 63 2551
63 56 2551
56 66 464
66 56 464
56 69 210
69 56 210
56 59 5000
59 56 5000
56 57 912
57 56 912
56 61 1862
61 56 1862
56 68 3091
68 56 3091
56 62 2542
62 56 2542
56 60 946
60 56 946
56 64 2259
64 56 2259
56 58 45
58 56 45
57 60 1458
60 57 1458
57 67 1067
67 57 1067
57 68 5237
68 57 5237
57 59 2797
59 57 2797
57 63 3042
63 57 3042
57 65 3765
65 57 3765
58 60 2893
60 58 2893
58 69 289
69 58 289
58 65 5325
65 58 5325
58 62 3711
62 58 3711
58 67 3625
67 58 3625
58 59 3994
59 58 3994
58 64 331
64 58 331
59 68 2598
68 59 2598
59 62 895
62 59 895
59 69 1991
69 59 1991
59 64 3736
64 59 3736
59 66 266
66 59 266
59 61 4816
61 59 4816
59 65 37
65 59 37
59 63 5393
63 59 5393
59 60 3872
60 59 3872
60 63 1594
63 60 1594
60 64 4472
64 60 4472
60 66 1360
66 60 1360
60 65 3085
65 60 3085
60 62 4807
62 60 4807
60 61 5325
61 60 5325
61 65 3507
65 61 3507
61 69 4267
69 61 4267
61 66 2882
66 61 2882
61 63 2193
63 61 2193
61 64 5350
64 61 5350
61 67 1411
67 61 1411
61 68 2479
68 61 2479
62 69 3575
69 62 3575
62 68 1332
68 62 1332
62 63 825
63 62 825
62 64 1813
64 62 1813
62 65 4727
65 62 4727
62 66 5098
66 62 5098
63 65 3397
65 63 3397
63 68 2601
68 63 2601
63 64 3928
64 63 3928
63 69 4135
69 63 4135
63 66 3370
66 63 3370
63 67 3251
67 63 3251
64 65 3652
65 64 3652
64 66 2006
66 64 2006
64 68 5403
68 64 5403
64 67 3877
67 64 3877
65 66 4246
66 65 4246
65 69 4478
69 65 4478
66 67 1105
67 66 1105
66 68 2691
68 66 2691
66 69 1148
69 66 1148
67 68 4485
68 67 4485
67 69 2210
69 67 2210
68 69 5156
69 68 5156
